674162
513166232
2514677
140869465
3614665
600886
674958
124262674
72004951
625672
84791837
12801783
375157651
67503792
83231546
121258078
67549267
2172900
138546007
520827452
1015879
126215751
134524258
66480897
962260
120739020
5404535
64680912
71253927
3152093
74173036
133577580
128743099
3167612
78498693
3130319
13149611
3089235
128947092
13792624
390213151
61108933
403074632
451648352
135870546
7340163
5363024
83111374
439484722
17191428
104936008
62220854
134966720
632493
134945410
83936989
71830181
1016279
435175532
407250752
110230842
2497140
104867440
2889780
74077847
910223
3130304
76376876
61428253
3146149
82257536
7193834
67795284
71092102
420269112
435175482
3087475
62874022
62290954
121943778
881563
440823782
982678
116348212
2525866
2464635
706840
2438249
3169698
72420916
15177998
95890670
391439172
83111394
3616531
17347963
5404548
61102353
73135389
2319631
63790890
112662288
983258
765436
3152105
70697369
134525904
103117160
77897436
435175552
127063153
445790512
83841460
95254394
2659940
2300170
4087068
13483750
3296749
3971812
1157471
629466
346434651
75716617
76542233
130484710
142986206
549918
627355
142413895
491767152
1039986
567679762
4311596
132194662
3129748
136408148
669799
136335986
71483067
136887798
424567602
78588920
60946207
61644180
81366296
98248558
117581964
86660057
73981765
404284422
76543391
67231431
17347967
3613837
136340728
14250005
5664754
92962970
72371362
114811604
8164649
698260
3140382
2423924
103035400
417673232
70142183
143858022
444261522
906609
1123889
78282093
70584821
89458301
60137451
61110497
144572232
65445466
443320582
78129603
354841821
71092101
438893622
4311268
355551341
2514691
61109754
4733114
1574666
142986214
89844261
9997018
66201356
3137509
97032078
1016290
2686140
3117971
97327614
561894112
435175512
2312047
365175131
2577957
606122062
480569842
3087538
108258890
79665674
2855891
79665676
82257538
131742260
68414397
126866297
3153876
78282086
72132348
65788123
1175615
441178832
79875054
142835538
107955594
2320086
137281944
90248141
3099009
17614655
4640032
139874527
2221574
17422308
4603407
61424047
111780390
4195714
104952384
1175626
1174769
515558682
561856952
4307640
80561460
80274516
13020453
44210501
136336118
3134036
15177424
3437883
112314068
417767182
14525086
125539730
106301610
2288465
78366255
435031622
426703682
3589474
75819429
4603399
132560802
13651729
138546003
3028628
398055742
75814713
86876435
422208712
145017214
143270520
72299954
477452252
134212670
71836457
71646216
922138
72420915
360301951
77897440
394716712
788457
136340746
113418498
73682285
136101176
13651717
116348656
112662378
3122252
17615563
13785144
2847450
705509
76543368
5425042
534462
417335732
84791745
548342
