119874228
12109419
144618936
523114292
145240398
17258767
126364573
586163302
456402202
2506859
558503722
66772088
450274692
71171859
61752301
11122798
69000284
503132632
16175104
3107317
68628123
427222122
131342896
2281117
424844192
130010216
405243552
11801549
72059729
112669628
441117632
143401584
139563499
906621
77918556
134336134
90408893
3129603
97096574
494134162
13242000
33582591
110956536
373970241
5840778
141463711
90006587
524666512
475990662
71297162
13230129
440572742
141425353
66190263
61187738
78099006
572100472
44300931
13651722
126368273
420845522
435800662
70268204
880949
97342130
913374
408505752
78845798
401989132
373746131
1172722
61718374
437930382
690796
132214842
444472222
14681034
831033
90838709
74516068
131814014
2112979
131981832
22784811
65236033
361972791
533981962
446651412
10064649
65600987
456808612
17168782
393601642
136332536
143581066
927718
441233522
1624964
492390952
3635431
412547922
10762531
13304257
11829899
64699122
440054722
383784311
141906191
84683089
3087827
94107312
959196
71700853
1151528
125544710
127242735
69471716
126022859
74967692
116914340
2812310
428308992
78349344
17615574
13801860
438631492
15593565
140551809
99625818
519295852
3147991
454294922
386622791
3899220
2271566
5170992
507148022
61830098
66316958
467133042
91711562
450926112
89158321
361134661
63266242
112660698
112501302
100966636
404344742
114990962
565171592
2423921
3551883
3586842
629899822
71950259
3839407
80678800
74617609
74131477
392315892
581751572
143794546
129374494
5754463
22784801
420845872
72920492
97156382
71129378
59777571
519577682
486527972
401458192
111937792
62743214
81328596
454265852
124875428
541625322
675093
62070481
131743158
128706975
103551844
483564502
549341032
6986961
3135287
92873564
442376412
3913749
15618041
397302172
380536231
4490347
378591651
73218117
127159917
906678
16927143
97096564
5277431
547893
3276167
78442909
450933592
445900242
451646632
12711111
139506149
30350711
1574624
82341200
16541038
142747754
412547952
535034
680117
11386188
87105839
450930862
406085162
375990201
2607669
95257892
62586678
33216111
142012065
91739182
525339422
449653672
94539436
376881811
96049540
11655530
425662702
797409
61302653
16431864
15586220
126907191
69833581
45490201
134709680
145462760
399066782
5505765
131393934
88291881
119874184
352863581
66611276
4835932
3669620
369215721
82415056
416700362
17416803
125861455
413786272
2577952
1126389
519717502
120738730
15177152
1131132
410021342
3872734
3089507
137231526
14340437
89538849
70512227
44586851
9943250
613512572
450930802
141816617
14340438
2320549
535449892
3126330
125953501
3367880
391663652
418384692
74732784
77770638
76543369
7045955
416583342
348916411
14616781
448028792
76199832
126924757
83859082
408823122
2949941
354067221
427101442
141897559
382579471
680648
441500282
452663722
600990622
12308704
124127376
105477440
421304312
57631781
67354827
109704460
121258080
543131722
2320098
69420274
431467582
435341092
130892900
2124748
357195761
852335
142285955
437151272
969243
4315799
103773588
134336132
61782173
66539370
11899030
72502189
449746232
14892262
61005368
95940176
484812562
10260153
422202512
469268302
3743980
472694832
583076082
141680531
3156388
416342142
3928642
10686136
387316651
3132986
14202933
4952887
470556002
449840722
3235532
78099009
468663242
72718701
61089201
142752186
350026711
111833926
70016985
79589186
13304253
71902319
493077112
393665442
136907454
74231997
62720414
102906836
130413566
382053831
143533260
4244303
628265
15026174
416258932
937951
72048002
6790863
807292
7435008
110805986
80276298
380637301
123612480
63041836
74929301
110812468
81364088
3667365
1174599
451419292
30003771
136377026
70079783
12241571
132656656
2852933
1027109
136292502
137441682
134336164
7474202
9997016
431649352
3156077
463054892
417673202
349878861
393622032
2681011
110170472
118585062
910909
79984948
356560711
93592250
452945942
574383
493900612
14250006
116944956
328892081
14193954
61569721
434125712
1053446
1625005
99346744
472694682
14632486
141680515
500233462
86490065
90408885
82734688
103867554
910825
607841
419177972
3599710
94088730
502363922
62376277
141682247
141680527
97095584
134724232
7456689
117585774
370962421
435341232
60783381
383792601
388919861
73064037
85893401
2219982
109702258
53043871
74431795
552137
502469712
944878
584296182
355398571
2525868
3406001
2628573
77305241
529982631
559662872
8317028
7278500
134423820
93194636
76199994
98028122
348916551
390213201
3320893
690526
17193491
386350681
105886982
68043937
3088584
426021482
86671183
416704002
65509487
10114226
145498344
465862762
13111672
425582612
2701934
439349692
3439364
3358552
912184
369662671
94108090
346628311
76066031
541223962
877655
2429775
448802612
120670682
80111622
136753620
138546809
390448131
138124911
139787535
1175614
5223159
67320702
88969467
13513014
76984849
601135462
137729525
140875593
2713544
4433329
388904391
3875060
109703266
386166821
3133366
135374468
72167621
410028962
121922490
2150191
349074631
135724248
3905056
414655972
132643906
7674964
934434
437870852
76277931
16457547
17615570
448428142
15318769
94096086
2917266
63431973
450980962
110081672
376207031
348852001
484848662
14955987
61860871
355100361
1099793
127212377
9902422
359455671
132194764
17604917
73738187
54995881
4195721
463812852
435341132
111780382
140813709
451083152
22716331
419907962
5840772
75535359
120742380
550373
423589442
363713281
5278011
144444686
3051805
98936092
129104782
504843632
71328980
982917
87113877
434076102
38934711
470735482
439349712
6628836
95965012
398773972
136331722
61087139
456726072
380147541
3147298
86954639
29381021
1560019
63462261
82341204
11843963
85372104
15539916
119279874
78318586
77698269
411708032
3053606
3132346
346892981
114802826
356501101
449197532
6311680
5785385
65657281
14552289
863369
457221912
69002507
1105746
558504302
946031
126771957
69964809
830342
377976201
17193032
916213
118760368
14896961
975144
519696832
360206811
107538358
621057
90769663
145343464
428309022
130473172
7278501
96861548
1038490
129637730
547237602
29377601
63377029
793226
142528531
532574272
111599552
592241582
4119924
70498000
103301804
736150
116348164
3113979
134036200
95258854
548365
432877462
7634834
16907198
16106325
144230616
366297301
680654
424390392
46280471
131748928
134336140
73502401
83919283
134525118
452184642
2794365
408823712
472694842
8147023
139431537
12711428
93029250
62220870
112857686
498277812
366451791
778758
580558232
1301081
142701952
130855172
142743486
384722261
74227639
65227251
449579992
2177874
383096491
49195711
92601012
143533262
81617646
96861540
994229
4309950
65732151
69638125
144145796
136332674
2802721
99429020
405528882
412503512
412547912
359170411
105643420
349922361
71724737
129983250
9902395
144389072
106709702
110844366
71452862
495396822
876438
500307372
136883276
534573882
14681038
6960678
379048611
401062312
70172863
141680539
416583362
23086381
78389089
107812088
346866841
1177883
561856872
119873536
6962232
541013702
9938661
74824354
73360467
546285
494866062
420852412
381510631
16433495
401208642
124608178
422202582
16035713
96258022
85275022
117816722
504157552
576178782
493843542
104782182
3147243
404183262
2716097
70058326
352990151
515854822
2464506
476699252
416766272
469308662
410107192
14499493
105069380
443785232
5592953
136797870
3434116
18196594
450880432
548645
4307639
109845992
472694752
870090
3361390
4670277
62742679
83151446
120902510
2285125
129427696
433116032
94590444
91878210
14340721
1159409
663165
109576268
97036372
134519814
75680196
6720550
7857354
67345639
126969663
84791751
85897671
988873
517550312
138856767
416258922
3155393
36078321
75623685
594165552
60688255
401989212
444590062
14202924
118183730
534404792
435800622
140857423
402453622
503026572
425102762
572877822
456610102
363800761
136465220
578562902
65236040
1100884
449840682
138726915
3923925
583363252
417460642
123342386
125585300
415238522
22716351
9592953
89077407
385147621
431102612
97665626
410990002
475655582
575216522
2487534
144021608
73916148
130416864
2431283
475914712
3093990
397748752
13247492
16212158
3863209
568793732
18191722
70452535
90340307
127244141
99291016
11844871
376985881
876430
14499480
627797
447098122
134517476
5487472
105992214
118262552
570995
396536482
423139232
71133547
121036434
122515762
77408919
1579003
130845148
397419502
629744
116705130
450104852
1680882
15593181
62697393
66726091
137202026
447636552
14496778
137729527
397257382
1436129
84262985
3020068
114891456
73042647
478600992
3142371
1576194
3145851
2166498
15702008
347717531
8317025
77378507
982668
92213556
432025642
2296855
145413040
4306810
78496825
595096702
3168759
89166189
450906342
14299463
800613
143085010
422156622
411598162
120738046
67615714
940328
135876674
413413902
140362863
427902192
66190261
439757742
14681020
15597138
71725043
61860878
70747347
546810992
140813715
570111252
69927099
2232360
14202934
63226621
533982102
97963058
631701382
143246746
8317022
369246101
143997218
3512558
118155864
69816178
3731616
142582988
372731061
1436193
765424
554359382
422202572
14406902
20669811
121427914
121595548
906584
504057212
3205850
14597837
7084416
394656232
