60742349
63266242
625643
570111252
420862382
11964027
78956229
134945404
797521
67238735
138545995
427222122
103051068
434591652
977948
121239412
483918382
435800602
398341802
72516638
3413187
2174906
69261838
8086130
418234882
109702890
354197021
6920084
3414149
382579461
452769552
419133072
105836824
456955632
133059098
546407362
86876435
8011854
11959695
401840272
127782049
512114332
105633410
70079770
7035433
68510255
570826352
343856421
546578
2168802
407615992
1101513
109702258
451447542
467697782
851057
136889412
404173552
545753
3296749
140628791
138439745
5105083
353218221
71483067
633815
85576202
1113910
81263840
96218152
383784311
86044541
138100747
7674834
13187925
549940
77192191
80556548
105000658
362335701
82380250
15539916
555960382
366297941
606611
13140274
81364086
460099772
555638
104099668
436183422
13177906
376781251
17633124
5487472
106590310
376386051
392315892
14496774
422202502
450880372
69405360
134527358
143533262
533981962
17393623
2714414
2124880
4311360
137728525
46307091
1436129
405215252
70724542
438865462
516076
13715963
69001661
492367822
355604441
357700081
3874610
142760730
1024973
381743671
79589042
78712307
523114292
129134702
395119782
403700922
79363431
373798761
2681008
775117
601135462
71444765
450329642
116944956
7474211
70054782
91018477
486928932
404858912
1087618
54995881
450926112
136883276
3138710
124603282
456610102
74252546
1175626
13715967
722656
413718232
439349592
130852756
484118962
690526
3113984
457302112
535449922
632260
139563501
880940
10114220
365137
79875064
498722142
137231520
13020453
100364120
420862392
113418498
16231091
408823712
535449902
7278501
139320685
381510631
880943
80121794
39763241
134036278
604845
1025634
1564562
61860878
141897577
11011578
3104712
438865442
107329230
79363285
353672711
63376958
3087475
406392802
9837152
2431285
468098872
497304792
118190312
1103106
1436183
13854741
420845522
963016
541862
473406382
67924785
81364088
10786248
128830823
90807733
1574131
362871201
124603260
457299802
129311180
141752443
123594962
77468108
406133822
395630272
504843632
143533264
2949132
82611984
67238731
1583370
2498910
80678824
61064534
374728441
367709951
559662772
563218872
3416951
438631492
432957422
4306817
87544655
940332
6820522
83113098
103033408
92601004
759029
602900012
10175664
3168840
87396821
9803858
3083367
94715630
493077112
76263948
17345703
15398875
88299349
420861982
372482181
439349552
3539171
92232140
74928900
449840692
564889782
470733552
17881073
63480987
15593181
14552289
367959371
105765234
70962944
3605589
349803981
67239341
67446918
86223721
80884848
87651177
90384339
14499489
136337030
71483080
1574152
106506510
16106325
402689202
118647586
542003
2798792
2485108
401840262
126024875
62742679
2171224
129265580
17633126
135541760
392906882
454482482
443007512
346921451
142497097
3114299
577650742
68116150
2847452
14250002
2176857
395630282
3103097
3091916
5429931
580851082
368209681
400435262
456402202
13651729
4288426
2509178
29009751
913374
136377026
10235994
116914122
438857712
7200863
88376597
136334248
90379179
446684802
1055677
512114272
3119023
124550818
111840540
17347967
3152785
3108064
372430661
381050091
1195567
6069989
3092619
439349602
363800781
469251252
446651412
1436398
116348656
126011307
442932032
83841460
5624071
383792601
446609902
77730623
3600825
22784891
674711
72470522
880961
120620170
138540025
100511504
140875595
74131477
1125628
83729194
3611525
2480952
602899822
121595540
880949
98190736
472694672
71967076
3875060
73949981
559778382
136215888
53937141
3395202
1176416
92929922
984560
72151869
447098092
137727915
124617190
122390768
114138690
415368092
15586369
914501
454426362
17777870
420862442
144446102
129988768
142507911
125499480
3098217
8011849
99684498
69337465
132277182
726810
7198204
129374494
16175109
142125775
385978761
456533632
2331299
106506508
90838709
15780056
105362076
381928961
69644089
982668
477993362
141270783
5902685
1102417
20220181
84928335
7703598
69323101
6973163
75819429
85918459
97707066
14245772
10596960
416505322
90248139
83676278
942339
141824103
116348642
121335728
785344
143246746
83141846
141897569
435800622
496545982
131336942
925119
457931802
442576632
500255332
449957102
876430
549957492
60698275
15177152
4835932
857962
62294641
121248370
116914094
136753620
410114662
139874035
127322375
932473
384138281
365478571
439070702
906436
78749541
133165912
117958898
139138779
3770291
505015182
459002992
519696832
84908529
73262790
73110685
134527350
3156390
1161679
347427251
357735581
716915
129580504
9997018
141680539
2550619
144489392
664450
10360841
3598719
114811604
84876751
1028432
64699113
345300281
74396997
2794365
409389762
13139828
78504220
18063012
397257382
439787902
1099685
2855733
80194326
5895281
355665061
398389202
66937865
13792837
977947
84267805
69417695
509957772
1175413
2514677
348916471
416704002
6255193
82341198
2320098
452945912
70452535
8165012
3788007
438874192
3135032
131981832
124262678
529982731
886166
95940176
68628123
11801549
543479462
65212070
2487535
136340478
348916551
126608395
11282935
65396343
413522912
65060823
12446446
403020042
62936662
102172752
70697364
132479806
7674955
664444
7674964
23407031
559662842
2301430
89155953
381454381
477973602
402322032
2114406
349878861
137828447
958678
10237965
105886982
9938661
127574083
108576228
3167612
121560384
85920925
3165194
368958961
3134566
139787521
464374032
602340
435800662
117797204
77647351
476519042
7044058
130956484
7269138
420862412
66808046
143158370
3156388
11494983
420845872
62375115
452945962
429974992
1962199
2276508
503084892
14720167
451416442
399355862
74617711
679181
108066462
13305103
79419031
128337427
6011295
409099902
482329872
98837558
91046783
96094344
71911004
2847559
449840722
74617715
5840882
141767545
102400506
607684
538781
350780771
1845732
953606
12021080
84158969
139563499
412550072
112662876
143464436
15586234
421304312
613912
67345639
74967692
130412864
86036265
141223085
66266869
72059729
65191194
98569540
423147842
72089400
6229756
83941441
15407629
3091911
87396805
131770762
3335633
465651962
4087068
422201662
61860869
420862022
13484667
78511945
95060040
10686279
2297147
12335477
3788287
14681038
135428450
113349420
3104591
5620720
628273
142290107
15218400
349577121
116022994
70412451
5460998
912742
140659723
1086629
3100405
581573692
121254142
3129335
140875593
452541222
2168030
428526262
540036482
722610
406083692
543906582
2485133
1102296
380544211
81328592
95294578
439349652
8086129
775104
83936993
95730854
94142468
866837
117580364
95253858
59054001
70079778
71864094
549532032
713412
75526566
139216535
463054892
3168937
71432814
79875044
426730322
500400492
4157105
2716097
138127647
1164145
379048611
4619057
130850482
535526052
3127387
66937859
3614663
13801856
4114329
469308662
982678
109864144
556779102
916213
2847550
383962071
450104852
373298901
71253930
106380374
65007861
7332947
384262621
2423924
97970728
450934862
432805302
831127
450910492
139563489
504093452
416258932
107351026
91711562
44586851
2193348
104576296
603928022
119465388
11277811
144572232
130219930
601626
74191300
450927072
784662
7861001
470556002
130152557
25532601
105717750
136710424
4299868
476378132
448028792
3501808
61569725
3613560
566233612
17000055
118587270
2964244
82241406
504057212
71292232
3551883
66129896
81310932
99156200
1172333
4307641
3033949
470287772
533982012
133120054
386350661
887642
82579216
53852471
118155868
93203882
131065636
138305255
15078238
2317363
127247063
13623353
1086628
929610
83859082
95505254
3787859
387527731
6076856
143783500
89158321
535450012
113660910
73913842
118587114
398055712
129934324
139419031
355493131
5742307
833971
426572802
3063168
90262929
121199324
400305872
2813176
125922561
121052108
142972050
435800562
11805669
482902512
134036236
397241352
7163203
1014549
512681972
416572252
142505923
573701
66609426
500233462
15210161
402829562
79827304
922102
420861972
67906806
16108222
111599580
400305962
70257011
3129753
102421182
17100323
403601352
73360467
360873111
105069380
502743572
145471520
138788623
424535242
137475860
26333331
429065932
3887322
132417732
906628
1560019
561855992
448779722
118185012
413519452
90453847
116944272
132937462
130484710
10686178
504024382
73042647
1161678
4307640
141130353
17827560
375990201
95760716
373746781
96014384
69704655
596057
817053
394511162
65723649
2630350
450865192
75814709
394106562
402828132
446684822
602339
104867440
456622732
441500292
419180132
356344411
121593970
14299476
61250986
405200792
509957652
376487701
139873275
16705333
123343252
1105742
74838230
1574666
401458132
103051046
678372
140869465
137231526
12803377
137752167
144391372
129310360
3132752
1099825
2430331
434125712
130140969
401458192
65728153
131338652
14616016
4945407
75678523
351537711
70747347
564894562
144144652
416700412
64802296
413413902
372922431
10006386
3103379
452663722
917476
136738516
118787694
69390867
103736564
6051502
400305982
74929301
70248406
423035372
15405314
416566272
349922231
3657906
558395312
4602456
118489506
3501668
130867216
143782678
113982592
71882413
63683966
674958
67345633
449681992
378072241
461427992
5059922
546875592
632493
137833937
64699107
145343464
67795284
959196
124112630
576178782
3155093
3133366
382053831
81725312
9852839
126844199
3129746
559662862
136959880
386350701
388247781
2628573
15408613
885544
61302653
493108522
63282025
69261835
102365838
103216904
3232329
67600586
438865452
123339180
13787881
3131385
13357318
74062496
450880422
71967079
2847450
131342896
370968801
354918011
472694822
358456171
450930782
490366492
418289762
525063662
404284422
144923928
525063672
439222652
380710971
448021032
115021500
60901819
400306022
94664188
3128004
445019772
3100559
125968135
535449952
356560711
350055601
3140535
349074631
420702482
933408
962173
88486709
60868682
89538853
419907962
138546005
69830964
820918
141339191
15078243
6683159
70835066
74872140
131393934
18063022
5170992
140813715
33869821
60881994
529982671
65212064
107955594
393622062
101142716
420845922
468663242
382379261
3586842
73915410
5975001
61289466
404639862
465862762
79875066
694614
2553267
2244121
371061391
111777906
123610604
74077847
5902858
6811997
129374486
59509491
4188439
135782410
10381536
82711416
7675403
494460282
59506511
453649352
108635158
91877502
84174849
427902192
361414381
450906632
435175512
352863581
3616306
94107312
539152
568158712
90726629
422201642
14340428
408823122
82179544
81328596
2229542
910642
793226
4315799
420845432
121079416
83941475
462946812
2889765
526591382
8075360
386622781
2864882
17827570
105497772
141926057
17633960
14681026
74227639
143533270
517740632
439787932
4321343
134212674
102368918
503029072
534404792
140886001
3153065
62507862
438740412
62224834
42187751
66314972
111780380
124600530
437146502
77468104
433116032
4677402
136889406
5840766
139816731
2429775
580558232
733529
128800217
61710508
398055682
83841464
119784638
629466
102907134
3095140
93669598
14202939
664456
132274296
4088265
68020877
130099126
17639046
876494
2309989
371619311
115073224
142743342
105228584
531483151
67351315
471408262
133059120
5318622
96823454
348806321
450930822
585148972
83151446
8086127
440125602
16540869
17390736
134093604
79125311
3536336
62724019
87275879
72920497
143610664
76002384
10686126
405112012
968753
2230517
2221574
136804722
3130310
98163588
64802292
140295501
6719595
910273
414655972
366148421
4761593
373045691
14552293
144851646
4315389
676844
96449044
546285
133105770
17691003
3129366
64935410
87396811
548365
67954791
72544965
478600992
535450002
120246518
140421809
84843727
532605
3517348
4191723
13020574
126458831
435341172
69002438
13651712
15079434
412628592
944878
142413895
370221671
65442214
132937448
4301418
83240440
134336134
515854822
13651707
420233252
434471482
2156741
1103968
4292887
778746
559662712
927907
384586771
3434117
107744166
70389704
78233074
406116802
411553122
10240178
1095642
632257
381050131
3157590
871455
141821801
104599454
3130150
745532
425539422
98383552
74237536
13784682
454446552
142986202
73025617
17191428
144219000
123886250
142575334
139111893
73106191
89102819
487433162
124603040
141080737
418369852
7675077
2277698
3875059
143172438
3135561
73507015
415732802
525343612
3055975
367709971
57631771
419137082
139103745
92728770
389213051
450991342
5149239
773430
2920974
3117656
7058830
64194525
12303245
75388058
126364573
106010026
62720573
2917264
13149611
75624012
128573713
2103588
418371512
860155
414447132
13434798
65121105
98792382
