99765776
378948751
88824959
3129569
133025956
68097823
3456077
107394228
90218507
61700775
91359030
4161884
371629371
140261745
759200
64201077
26264051
70283303
131738890
95112362
452489092
79419039
15122819
117452758
4639283
391342512
121125126
581616772
137059092
129473376
446854732
118557502
3125980
125890439
1142755
135026572
145101236
89077549
6577522
51444561
90817657
449056642
126011319
406600502
2577958
513360682
134134614
349922341
135924814
503260402
6857069
585777
533945362
450927352
9902395
541324
766830
71067421
422942432
78318605
368714121
111725740
109520830
590781
6427338
54179781
143171424
3975021
417348942
72363414
131132522
534404042
351485921
69810972
4210686
51245891
346852821
79727574
451646532
2556443
401989212
561856872
405475402
92141152
109170682
72760008
96678920
83938237
125953501
43299451
95686212
355464221
102086974
411051212
401062312
70943303
123336982
107028550
13316758
125969383
441499052
1174772
9860446
2712814
75813881
69552376
3360678
141939679
81768026
904629
4116566
84100217
61064531
64278784
728727
449199542
1153198
107559082
10237932
546810992
68350110
126846607
2149480
567679802
71157100
595070
69272557
131065634
616990722
110954574
73637564
570313772
616963242
140839899
3152223
16433486
719651
555805
10584598
124526598
136409902
65007863
2315174
480769152
4282299
492924412
82159934
101636951
715816
125199726
346853161
111726226
82380266
106051978
7562989
375500401
383552261
416684732
2504925
484411452
6855117
350780701
80696606
77426047
18041287
539436942
2453801
2503272
97685938
132635774
863106
60313911
106095094
112893968
99477732
67526136
17609581
72502189
139407541
3157462
7035515
469923512
424844192
116348634
532514332
80285564
133426594
139788437
412536042
78525740
470137032
372922411
140531511
132349816
93011276
15026096
11080218
143171422
4209653
29378051
66438240
1151564
493108572
70042205
88150921
96861540
66526943
80469034
100905452
144021606
952547
80232592
5674813
797528
107028548
4311268
2101628
671591
104942946
119873836
78986028
131742092
363783241
536421142
132199150
886654
1334779
131391758
43816571
2112359
3899450
72367740
1171882
389075921
145240398
70113696
88846145
4303651
66937867
111780398
126368505
422283302
397729512
498700232
623717
372833201
67040885
1184389
74427071
17186431
434970742
2930020
2202958
448618872
76110611
14340432
358305641
382917221
531250511
459546112
7675650
346866841
520594982
65163799
285932
63790890
16541044
117581964
110150142
7245913
11122794
73130339
15527515
374838131
4227586
138432113
3158296
1119013
78983944
106636610
388461741
91599986
70515751
382686321
494866062
131737554
134016666
4188586
96886302
409972742
64321040
94610052
407139972
121690266
68240272
119872958
98174724
14579020
2503284
128153243
397305892
393036092
3225488
134945416
87804231
65440519
498130072
3235532
139404595
596112
81670608
14872697
126843997
124249346
13729932
66960136
16099867
134314394
90584807
12292199
120525198
68926150
61142323
869412
397324052
63162526
483766452
535062
12570985
406401352
383782251
104576292
83069006
78622305
558981
886625
82751118
546875672
459230002
434673312
383167831
63449140
70562436
1035827
61700774
421262322
438893612
1175264
14340439
360490001
2884848
67660198
3971693
453309212
457025042
350055661
401682762
431467422
72420922
71106508
90624085
2527809
449199612
2285264
142802648
374283241
412508522
78383175
61469704
777946
1125097
5704156
17986995
17796120
109203386
78733437
121593966
355100361
10560206
126410341
15586286
2261899
17140871
5317031
489063922
7004916
78384682
107396804
141934329
449197532
13322484
419166112
370254361
65394415
2309993
471581522
14497992
488038532
107341048
599991
381746101
84323245
92877608
112659004
7854284
69627778
76352393
100816100
3124606
65938182
577312732
410028962
133409746
77263050
830342
140340463
4086624
134279628
359130871
380407131
14154341
144572242
58069921
72550524
68366955
104626344
716446
552942362
449042252
513195152
67503795
4311055
69112425
99550092
66960128
101526508
121239420
141917411
7675064
571711
3155728
417518492
500084792
439160402
59054011
3040655
353546951
400335392
580452
405846272
13558958
81292444
144258992
3152088
3072019
387921891
95967012
109169064
89876789
143170316
12754188
137209116
1105570
119437870
69136297
85191470
142105703
430268202
447549832
3113201
88299367
66118870
133103640
126772751
75573891
118760368
714967
69810172
106510370
412086162
88697335
144572230
97963058
430490602
4244303
137204294
510915312
6161122
82257538
143227334
68582505
1175614
456576722
628423
403114032
70274247
959395
144944712
88692579
3989825
101372376
116944214
116914206
952781
89078679
7812776
15676251
63915669
4209682
3199915
353056561
3152800
125544680
627125
787220
4588774
62497875
126331807
60741580
64927148
122507210
551852902
2458861
52716131
71397288
468663342
19484691
89727907
67615705
121254872
118644326
43815451
132715142
507755572
60946217
70640630
2823984
129666186
911423
12080110
131557464
7857647
90262141
13796242
399233932
8081934
126534891
498277812
936989
3957975
400950022
16588644
42183791
