1576192
125513418
64821460
126369223
462946902
79824418
397729442
67183379
415515082
125538288
142342693
92399530
76579568
134523754
391175912
61782173
450340272
830309
140869477
3275349
112662278
442693232
2430050
1044157
5968642
419136702
6640140
106331810
916436
69331073
112350288
128950988
58201491
10237847
13805986
76110611
75749483
462946822
145048642
86400915
70201347
121648250
70009147
3087542
523114292
452152682
17880993
571165
18094292
562758212
75624012
4309649
78768125
118190320
2793754
79164317
601436
130850242
81328166
78282094
7675612
92389860
118660558
346701081
69608255
1137322
106135676
2298450
131338248
6523578
100890048
6505607
7978876
84208463
17939437
105286424
543912582
6461689
110152052
13636693
13131062
347705521
144386112
434190222
371619311
385045911
68301176
71892843
14886579
13132317
130414226
112685708
90305563
126847605
3455128
124157662
97032078
93884716
899283
10427272
85733972
403743052
136332796
86401141
120529116
87126469
61752134
90314083
142270169
608749
118262552
426703702
916841
410960152
65225776
7674955
420896182
14539497
139428249
14927093
2176853
3157590
79667826
435246432
411144462
707240
87979453
142336407
78512070
119030624
111774658
113342782
112875264
368981641
69110574
18348281
97096564
106123620
107351014
140076439
7245914
125543270
397235862
376337181
17730524
64786127
2457418
138218655
17604778
529435361
522858992
136075450
144392866
69026645
14500270
4682276
369108381
96823140
92141094
4530763
459488732
592505712
346706681
532757872
83936981
3120265
404098412
73528754
8081451
140879381
80265248
13460269
14013136
435175492
100064002
408550162
105064726
143227326
105710940
366393971
5400328
131337306
501722142
117890524
935359
17606179
1172326
459977292
98425236
90277489
4311364
17606637
17599494
143758272
61515093
127365547
410107152
357749261
80870190
144949362
505027332
71684843
725794
108383098
107422818
124239024
124150504
4315379
93984894
366300221
66561409
122624576
66140656
51488401
587756192
89155963
140963779
396074982
95967026
367033511
67512148
991398
123342982
471976212
104607384
551383
10161535
92141132
100536704
137724055
83115782
131337140
132123608
432057162
67292652
12601638
124600546
63185291
561855992
3616658
65220458
113785786
1126549
126237105
14954265
102621548
125120710
14522677
60784398
13499104
61700770
66221588
914015
350151831
2176857
141339125
3134384
103565944
37708101
120431898
17840805
17610709
85385330
7151686
16935918
532359422
1103111
13132315
421281792
346493181
79630896
357737851
2168124
425703142
72055416
94195890
4682274
118821178
398763242
15049770
12343214
63403877
68760501
496061542
121083028
17892723
526026182
143900710
66685324
100515134
17681690
105770260
63456716
115043086
3051035
9938233
354585851
448221022
130414240
471588142
79824420
61999111
785961
92139986
145362328
138546815
65152184
513879202
69242646
56893381
2897931
450956872
15676832
360490001
423531952
73945459
386166831
3731615
458261682
351277381
462729382
2192091
3821173
73087935
356207101
460265112
442807542
95881900
606892
350055641
136336120
362797351
454305542
567184
510745482
124603276
127247589
144608096
3158663
112342328
13712656
10175664
453649352
140481345
136729210
423029872
489012992
404211252
66027693
137728521
964775
13131901
107233564
12803550
62293830
135301084
87518733
448618242
62130797
62072061
410900172
110806000
4124648
444719142
88093189
105710944
545458172
66730179
120775656
117935730
106746752
85417912
17685416
136132020
789290
487403662
357923651
128095099
125418672
346434701
63152758
71039602
109517606
144662426
126683097
93220718
514852012
358006021
12901222
409589962
72055422
545956172
103287700
586525902
94195482
376480981
597360752
565481
136503314
461624832
72102222
7272485
143164498
93980132
572198482
82813458
62269475
446953172
132929054
143606890
908950
3957741
118190308
377031411
121940616
72363412
350171341
136336000
437275812
92878160
63094587
105787182
101009294
27770701
16645088
355191371
445952392
126449997
82487070
3010217
122482208
23172441
546594
143229162
773393
3530210
374006621
72805453
15696861
84965601
444018092
3822225
113312786
2534224
6105814
1105721
8163842
104576292
352033081
83837262
11494143
569364612
92210390
2851827
562002
84100235
387610271
109700672
916447
422217582
503261812
14259344
463128892
528705361
10427274
78402037
17690841
14882312
113815266
120342728
567968
10006347
142334709
82415056
3090559
2162263
76349788
568121082
1165179
17682938
63915669
469394232
447051442
6080025
120531358
2630351
386150751
7292420
13801836
4286052
438182292
140650921
124600536
4952896
37708091
517045932
6718393
405506552
15540468
81262502
2523554
17607146
72012023
128604659
93047082
432214682
957569
14464393
76985016
124097784
14232486
353576101
625038
425662732
67421145
66687824
124993114
2508419
82257932
79502286
1124124
424595182
378319071
79592254
7091364
78932646
77749340
74307833
2114267
45544481
744776
98936088
10235792
7512056
117485378
15592555
7583582
134031294
70580023
128094409
3255997
122071658
6811997
555652592
79031523
103670136
773586
53825191
102021717
75749646
443450632
81919186
82492118
77649010
534723462
100060836
91303310
89697477
68849240
14144699
144735062
118992670
2278008
87358201
66553429
555640142
3394308
1109727
74307837
521589292
120923634
62817674
2423174
3169905
15321323
129916034
89076331
78602729
371426861
10235185
51444921
133346530
348270551
496492462
3087978
410815042
17135096
84908557
111837410
411130492
6624215
99765784
85454154
140345971
141160791
99618030
411797902
125836181
403915282
2221573
128693891
101791229
56867541
374009291
61809230
373297631
64784549
391355602
95343114
14164453
64786128
371935931
357083181
380226091
392347532
385049491
583177772
94086018
135154058
119874158
488652012
68943816
118105272
79091576
80926864
104616306
12534947
2281125
131738510
128546547
74517663
6461430
129311012
62471687
907782
372598941
80889258
2457424
439864552
5363365
17519574
63429145
5954492
4094888
2889773
78113372
2647138
130483478
18051280
3845626
473391982
125616736
97642690
354267291
4632373
4311361
91650394
129309410
109169076
130829938
78282330
6297745
906436
105364500
433771602
71088800
2438124
1151531
75072778
140338763
506297532
65546431
2712931
458804352
131982320
967375
600346
413386632
65359520
123803098
1144880
130696108
484113692
519739622
124659380
346434651
584215272
71538481
756280
141338821
1101477
10235998
568129772
3538070
128706967
127247619
70503264
379609831
87675701
410960182
8175417
885971
13651705
128829917
3087616
12269971
144506270
104927648
429144442
120829786
104010916
556377192
124239038
3145851
370959481
92141102
17014649
46307091
125513420
130900296
2325908
135385918
84379857
99976974
1101846
563469
404906352
141457059
134573543
134299234
13247868
485790322
144389056
822750
2229663
93312214
493875632
467488782
2423911
15208842
12744084
135689062
13586716
144481422
20138821
3588375
107742788
537028192
137727919
118195174
74494854
69995405
3168999
8317019
583608952
104760756
93312206
117893932
71039598
1109835
13177809
91282354
595913
71898432
103141314
445005862
471948462
17442927
425184592
476536532
381841351
123119324
504056042
92720106
1088141
136336996
124714698
71347057
101168784
491498112
17914988
71844201
119732806
80556618
435820622
2440954
97907452
535011572
587827662
477392122
559281962
79524148
98600692
72924474
793199
107630226
113366548
416220182
2221575
492062292
66023714
558395312
500006092
549558002
59668441
61108942
127556625
85762582
13872086
371954231
106506514
1151554
959416
66245333
539289942
7923754
536487
138619069
69348736
135875130
131739898
3081268
69982615
4299993
415112982
84842521
7374033
13609820
1066119
99976958
363716961
62418971
53852471
83676278
66710311
110160240
66404567
92290390
84123771
686800
17605993
75813881
14600400
415966072
373045691
452785412
83990397
131391756
128589229
1178033
3232684
422282542
13791934
455587922
1110986
92053082
14669259
62557258
82153248
13430741
142148415
521569222
63510366
533609322
121595546
70418907
385496031
348226421
3133833
414838162
408612672
107115922
573921632
66307262
10238624
1151543
730577
128706951
83111378
92818786
359231281
118706350
71039604
801819
506283702
2686266
69500450
96259784
128706947
3874974
69355590
557641
2794601
5614669
105426312
17612759
435491532
68018158
18083686
8066400
46425761
62293840
71835023
422202572
10709466
361134711
417355452
410028972
456076142
2934751
110243708
83890413
882268
508388192
71519882
414353112
89343061
83101782
65396343
65938188
126846527
128706977
439331432
583177732
7718385
546720982
722093
415238482
61142321
134774922
71125013
145471600
3112219
3131304
103071278
120136382
129507030
61110500
120305774
514453092
100614604
619777
585667542
13128819
2168810
105555562
94833096
2120789
133096312
17840911
6430921
509574522
120302768
573314
15518781
120742380
456840572
13255869
81364054
459984812
103052670
124184990
3096090
126797275
137818629
386771161
576439
13341413
12852761
88325471
561856382
671366
63424928
663903
120806854
69466071
79569152
1184180
13129397
564498
3165204
91599946
15986025
118187950
17194639
409355952
378888141
127539475
135870570
423573232
1085497
1183529
66349066
2565930
95967000
117594830
61644180
70040386
7275156
2544450
3152219
4165535
83508992
8929688
126924691
2261793
417693642
112662264
138544633
3114778
95688368
19881531
350171361
785183
518484392
4633623
511723642
452140382
10047148
14552280
1213291
64397049
457307432
86425349
101263674
17442572
140940387
120554598
410960122
354662631
69083929
3549183
17448363
65460299
79426375
77861174
129539136
132629668
128706971
134523702
135438524
82918002
88374915
4094391
118076802
3450534
4274011
511840272
141336761
104467090
933271
70465604
11295691
77470191
17684798
418176962
82814080
6467779
14784307
62039092
95304958
144388496
17612013
15803333
374838071
18050650
119437730
4299825
124366204
42771921
364143081
125600258
6258383
414331542
4675357
72435416
98234030
354045691
538557
84206717
416560272
10543928
1095826
485152432
358219521
3774159
111777922
88209921
91618460
118585140
80413610
130695024
130850562
122554596
143859856
145535390
535204
1385945
119437182
3912707
135373514
429939082
509698152
2288494
601789
15001091
4105958
86662753
38084071
124808998
69465453
72690686
439864742
17612997
94295438
541418492
66027692
15347301
134521528
46534091
355562331
95967014
4602455
129308364
398940892
144947972
138394775
105418044
137234080
482681692
9793197
370265481
368139631
3120796
119374304
66698107
82182368
61354761
365466671
283752
88612145
17388193
69403012
3105318
432207662
7978874
1101200
102242728
100495782
101396358
13797107
448291252
136886976
80637132
98543436
2261958
122423164
397958862
4640025
