357160911
60847150
493077112
60742299
357195761
99477732
105501794
17607077
385582031
75551473
115029062
121604740
4622458
105286412
5481834
496227592
86044535
63651139
17791138
71124984
377242021
13705237
141433455
92298798
8165012
95294578
424004032
12182317
90822823
116914340
427264822
355398561
3113979
62070483
123336990
528348371
2300786
547833182
478867442
96823454
490571972
107394236
1138637
3093990
391518472
2317363
129053330
3869873
380407131
143226862
12335459
61697701
2154095
110812468
95254422
137818553
10235340
356103941
133115382
145429210
457299832
14340436
63155647
114891456
137725965
546362582
133115388
96624386
70274258
141906191
99960190
605678332
28877451
2316815
87396805
62375115
133021842
73916145
8098868
136337268
461288092
395702532
516396232
453844402
13854741
90563077
78039538
4288152
571512782
116914022
561856012
14616984
123834110
134954286
3133366
16035713
909629
438865452
4886077
354703401
65607079
125544838
369693731
6608954
393474832
397428062
471825712
124117992
126844193
124600548
60742355
12000564
393622062
55015211
13654873
1176223
65440519
126551957
15713936
44300771
425280722
22595111
363819221
103482548
98701796
439757742
132201184
10047156
63306198
13139469
85909177
395537162
542500182
73414362
14499427
2420855
910693
3907337
123433008
1153198
372985951
1073621
14630177
30003721
916531
13651706
142832654
3657905
7812669
3135644
104357594
136339990
411383052
383269961
2171502
361134721
135284454
113847974
3128092
583363262
96448732
10686126
132628458
1164242
81364090
15587475
12859523
113418528
661912
5786000
18041762
435665312
438893652
62471645
134036200
74706375
953607
446699712
422214572
3364407
356518631
66836859
367555621
397941632
84323237
136408140
456955642
74783777
4094757
125600246
535450012
484411452
13464307
81090056
102771864
14880622
3113143
876494
71452860
138040281
74604048
110957896
110100502
141729325
568156832
537879062
136889432
530927731
119402554
96461884
461063892
65335232
550461092
433198442
114307418
505534022
134298668
16878796
377164331
29360211
82321644
117115136
129633706
126470273
537537
412550652
725965
408728072
71738559
366943761
443082582
14499433
4156288
105744524
7674891
59940991
429144432
451127472
384262651
61108938
6311680
2161043
63306303
68648491
82182366
142592902
132654640
99370398
62586678
69458847
141206889
66839183
83837266
75655551
71590758
5086836
3129989
125418544
449840692
12074521
456311632
519044592
98891574
107507596
397748692
63041836
106852424
129568044
138127085
362722501
72318839
2795636
93218896
2603917
846353
137260122
3166507
425102762
74705717
581573692
133586210
87757527
109300764
534077
98688504
2674462
104749764
133513680
478077772
831033
14340434
458698972
473011392
99666520
455794242
74172981
416583312
2266005
447155742
72160326
77724922
129050428
383166281
459661302
12000038
3106506
4711054
112665094
116945518
70403441
121746776
3588702
134524258
106569462
407523192
139301749
136802674
62826435
7438114
351461101
370776501
106218090
111726226
10766759
424901802
1105745
64758951
109511392
11080221
90248139
14340442
380390631
80870180
69355587
4252543
92877666
13700650
143290690
107114328
549924
395728132
71129382
80259092
17606631
422156622
14248935
13733148
381050061
60742360
580516
61064523
143152072
1012851
73659158
131804730
69243911
114802826
104192618
111579002
556646
141822261
407615992
4188439
381928961
424844152
375846681
362297891
1115624
81719612
62229184
124211470
2309900
428818992
420845872
4967956
587849862
116348204
417673302
447760512
104797192
452139432
15586251
75872923
2102910
404582252
3590156
72371357
441178872
62850070
445900242
72410393
79909214
79371249
16335464
406759102
356666391
619999
75797322
71859448
79589180
533631112
133249840
132123628
112666394
144444270
45167471
145532056
18045306
6461693
104864934
62082977
472694782
144709808
579098752
22784811
132715142
18045303
105859902
104576308
63914355
73502401
424603822
13234767
98579504
76110607
425591092
141483851
33582601
409052792
117585774
101764791
132534148
113900914
103142452
3037703
3443494
378878141
69833581
460890102
78390523
80333946
141827809
416572252
614593
509250312
106399054
91018477
13247487
129310360
77096690
129558742
135374838
105281106
4619067
376145451
137729525
471847942
134946700
62224829
353115441
133581836
85504204
74789700
433156102
95258826
24084401
399085522
137200808
2711778
2281571
662685
906584
92829082
60946050
114395830
74173048
370254371
2450633
969207
2430298
111777920
62224962
423599512
526591392
72287244
83941441
408015712
1126573
13651704
76300324
386299821
119132348
71828734
354917991
2166347
145504346
87341697
78383177
416342142
463814012
19881451
72411358
116914206
443968202
42184451
5336892
350026711
481474022
13801826
130413894
35632041
14876009
15689699
15377662
2462569
391361652
459530452
567873052
457150292
14499477
382379261
102907002
138856767
347418591
625945
467607172
460295392
552825892
98043112
15589815
366502201
417411552
72391759
131742402
70697360
2177874
59054021
346043051
71490620
402872272
62070469
61187738
133059110
86425353
14987151
63480988
616969052
64370840
85384674
858225
140787083
138218675
446726342
4134362
66539331
131362436
14340430
110255418
525056402
398519162
15190476
117917828
5223159
3462869
454314362
409166202
65007870
10199942
570273
440119532
117374062
75538489
140362863
2219982
135596316
111954776
69271723
100814016
139787521
67239288
784340
88328655
17473600
447943962
602899902
4086982
8146880
413807742
358469161
492709422
1575382
671591
68094695
14405199
112662262
371960541
474918592
363260361
367910751
545944572
716686
114778860
3787865
438857712
128168617
749330
88725369
103460630
7633770
66726089
142744842
404344742
483310212
101372376
15128340
99938824
888120
139873275
6631972
2309992
131294596
3091911
11518994
3571212
43156911
417195042
12570985
90408893
578562902
560952012
2320099
12801631
393833822
100835986
34693131
127001955
532164712
494274092
77740964
145590476
13729932
128427825
482986902
3960621
455230822
137726997
3088608
401795792
135010232
572820452
387610241
3404830
13355410
15218398
10307853
144021608
431375542
79909216
145434692
2251077
129940540
434215062
129564032
3104591
536421062
143180294
70780721
77687297
127560539
137729527
415965942
66393511
2803643
110805996
143954172
360302031
527952441
457305512
127650117
426565442
406484932
7675133
569200582
403700892
3156607
464956542
778452
458165142
3868238
125544842
470103692
366409471
80121794
75778882
395723782
457266452
70724542
112350090
68153269
90248147
50436291
79524146
452783522
406868052
418497552
3513276
67929161
413281452
70053756
3088584
1175405
466723872
382579461
134524066
134827614
391726202
472694682
458606082
387610261
3239961
574543332
1176413
74526020
585584062
1072116
712863
66853804
3197948
471398752
347015961
13149242
385582041
365371901
13149390
4253398
135410336
12292199
133103660
126761915
121570968
127678863
130413566
410028962
83506572
421757542
3148107
76984092
136849896
99348010
78503853
70097134
726810
505106582
79257215
78233068
5620918
547833032
98936098
17100323
457299902
75626708
452663722
6918276
351595771
135870618
132238778
13157888
3233017
68046791
112736694
110805984
114942266
386166511
122884820
119526734
491446902
472992642
397169532
2244963
71127724
2421343
448090522
130399172
357552651
3658364
988630
485709682
1117415
407644882
79363291
63305943
142728068
3131640
126331817
73913592
363800761
356119841
392331132
445856312
1267565
13174765
506246932
1104859
65037427
72119958
74686838
132635828
412265002
71494018
101210726
451142132
100317298
3155468
74790945
4602462
365666771
140340455
429294562
4286050
556042502
413413902
565150292
445086942
1140478
4299859
14948174
419070272
2864882
3098508
506214482
126847809
374009261
125972415
350027821
106061614
66173041
86096855
2657834
385067991
70584818
132274296
91490302
356184611
137833933
580964312
131182480
138218653
17099138
71092101
74871736
68582504
113418502
77879677
68251664
2205857
138726915
7504945
405528842
63462261
126969653
5490702
77192191
447098072
134690298
105710130
358305641
121239430
60200441
126022859
14948171
80276126
11497517
14579026
459977282
5522768
99938828
370962401
2556417
3158268
372198321
14881058
488652032
784325
113277700
6469108
140634507
6638206
4848221
418289782
398863882
82814084
452884422
71828730
60313911
130851528
384262751
351615091
125191050
349612081
387768531
410960112
109704460
1569403
88692367
96818486
94085562
90048255
946048
118068444
128182027
90326561
4619054
2426874
121595548
126507177
519350692
141680515
135967820
64338568
1157468
5968639
75485745
412165932
425604892
455366502
61002689
74663503
454580312
6435664
102086970
125953497
5743494
70835066
417355462
14552296
537474532
142303593
450953422
923389
368714071
7239331
18063063
119253894
3128478
108476776
2320095
513194902
578662112
411474482
101022100
543131722
79520402
123125688
15527523
66544609
17126362
394889252
579900362
141752443
346434631
127880605
101636951
88376597
72294257
7455367
3138447
909003
71171866
61878665
14886639
141377997
141345877
357859891
11959695
3592357
469414122
66611276
138046283
136608960
785231
2331299
6321959
136332476
2438254
12023276
1301081
84310883
104782256
586163282
17444805
63424927
6627265
13161321
362335681
17444664
88107871
422204322
553585402
371988521
69821326
143401570
13853236
4209117
95254428
71708115
140089957
109590424
111780408
59496031
98319988
602456602
691219
482986892
664445
6297753
66245339
112342296
125609170
911116
420893302
102659134
74172985
351485921
120731726
16099866
454853352
452140392
130684802
140353395
74704496
401683572
4530756
126772749
436141332
85274754
349612901
30350711
3134130
66499410
520549492
12109419
1575487
4432212
88476311
141897565
132867466
441500282
2514842
448127602
368527591
393556862
83508980
386502901
450865192
144451076
124218600
87114595
406116762
551910242
4156086
350594411
69136297
130855194
395051312
62070467
16588644
18190280
80077248
445238122
81617646
351046181
74641074
61544949
110305538
78176582
3607559
425604762
70459544
3667365
141680521
394511162
36078321
72030973
87677777
76841518
114438556
7511318
134481678
431467612
99729360
3907798
382280591
5785667
403335682
85471942
131991376
576524
99878092
348806321
119635276
141339887
916839
67130245
607698052
119043024
71433039
7435004
13913369
3107999
68946542
2244816
13645054
412537022
500449142
15723569
143983976
13791931
1575055
402867912
350055591
371647361
411129882
70697372
41034871
401447692
70682005
8239656
457090702
127539479
583177782
69002507
103035846
13793058
61929989
3155466
120450564
13230810
124996684
10260151
100149748
145413040
2917267
92739394
467105842
2681010
420471592
16014485
362297921
4315381
91543354
527974841
144777010
64699113
4288422
86340547
1087618
431467482
64231515
65236037
128706959
492476222
17682933
82140646
129026174
406116802
15026096
107553544
131070950
2527123
354195971
456622732
139563485
488651952
7198204
5277425
1576709
62743214
88738985
79667830
102659140
17193005
2524470
62935019
127247123
75172229
438372842
1564826
7330014
7675404
867955
445400702
671270
2185116
2434186
881880
356229821
134935276
6586826
119132346
2830172
416766202
869731
661749
1112655
7675207
406307792
404286602
406272592
395723732
468253202
14738292
100925144
15586302
70403444
477950992
511256832
472628072
368982721
3436075
116955098
454634792
362539461
144091194
3659829
143158370
426106972
129894450
460548732
5223147
70697369
520594982
3115053
114395834
414447132
712221
16231091
519593092
72203568
85897379
447552822
71483071
137725809
100956160
11261853
388890671
5404588
71483063
446684842
6982988
127563043
15102393
68908956
63456719
358456171
15218967
126825341
428703762
13274854
129983250
880961
121239420
936997
14340437
2283271
132349816
351595731
80259086
548520072
13507917
2461134
350387341
77741288
387595701
64332453
87396821
17607721
81211196
17345703
960078
2511311
52880341
61840049
79470263
11122798
3729755
450259042
139102493
3112886
3129558
124996698
14616781
109845992
62119000
454580682
104011162
137198620
571541
19862851
368173971
431649352
88150921
2480952
308582
3132346
79525632
394746762
412058962
3437913
105765222
87935563
131391770
391357872
429992552
125190262
145268496
884209
120218992
56894651
450930862
13543818
368714031
12002393
451009212
502108732
466723842
106769194
96094344
2800057
75353928
98094986
370426041
3098304
20682381
66282964
145112830
129313390
509957732
63094577
386622781
413786272
143004092
137728753
385973031
2204699
539315772
571884842
137231528
17633121
131342896
1576692
83069006
76002384
458165152
392153852
18059158
392629912
145166318
410028982
66315547
364803121
111840546
137726983
79587602
98244118
107251684
3137855
546875662
448428142
908593
74824354
94664188
106061608
131130526
93117524
461428002
4242926
94503012
13977775
14299588
80712622
387974751
11222791
432957142
3875059
80111622
137833945
90394679
27251811
581085
92831072
142900046
360301971
81914570
22791601
70776352
352027041
398515122
383269931
416145042
15593181
602899962
569294222
538781
417767142
410028992
68628123
66724901
83240446
437580322
397729512
136839694
462246882
69506316
106923434
3129788
361972791
435698582
3907794
362297901
82743982
424390392
581616852
2212079
4311596
18089485
142999656
88281545
141827625
400163872
85096896
99765776
82257548
2852933
1090488
3127720
109168236
68264378
592400102
3862759
94142472
3770291
415238522
473592382
461334442
65656494
143533266
10245065
529015401
581517132
435812822
445027932
111780388
94036810
84268157
3364356
15044239
135869212
4608489
8004326
24938301
22984801
127875033
144021610
72920488
438434322
12821102
96886878
112342326
464920482
596057
4679243
374450911
77470456
63377029
2487331
594826
508312522
132195150
134774924
136994898
123832290
389429061
113982592
61999247
362917171
17605997
2520227
776476
82317998
71700853
13792620
127325841
124240106
120429020
134036248
4299994
62817673
142337477
70622813
3960793
55613141
106693810
91184587
105849990
139102711
144068754
910534
415901152
83931513
75624026
65631307
33216081
71078417
124701808
392348372
130487220
102208938
136338506
507755572
430434332
91884262
423931692
75668705
72103882
121258080
450395332
17592765
74641072
140345969
438359192
3346318
410781132
17434499
2723258
77740838
416504402
3530211
74368660
103060238
76542239
63135949
116348656
125968131
51061281
527513741
4192057
3886183
413025652
128143127
3127630
92871294
344783211
145693010
1031007
125887081
97036372
351485861
71129378
137676469
447962412
64786126
3316914
535449982
424975502
790424
73064039
86400913
62953960
91689086
358187321
370426121
3099875
374132981
98100170
67343875
104325618
410030472
78594332
360847141
143103740
415560352
384722281
916380
2176859
3207244
958976
103311158
136337008
4224626
17610820
440078352
107007308
68390604
95112348
519545642
82917986
138100747
4274019
71844155
101283130
137724059
590612432
142705696
722662
14379312
99765780
357083281
384275731
469923512
560695492
478683092
14682589
91897726
105717750
98009294
13275762
13140204
368161101
566098812
118183618
128100399
1913713
67164742
89538855
118155838
472694672
660710
138451237
42882951
408163382
2298242
85206346
16099867
72059729
883659
99348004
420896172
102362574
427637892
507755592
83919283
387610251
420862412
119033876
131739880
104797184
468663252
17416535
512681972
6614902
69022497
63024007
59054031
84029145
13749518
405243552
3170990
543733272
387780141
87396807
121591984
87547887
441235612
128748163
446006752
439757732
8937833
492502322
118068538
2278002
559662822
83201228
65799943
389001741
99426794
134285864
4858201
4952892
10206264
498330892
90563095
3116766
110980650
132201206
4188237
62826430
70009163
134690308
439757782
132015872
139548089
79849426
504869632
583690832
418812722
1138321
475914712
125166244
394400452
142082313
140984607
69964809
70125571
356902661
383744701
133037868
2933088
98936082
2851822
17608737
376206991
359407811
144446102
143401566
114438552
453547532
15177271
830880
520827262
2553499
556809
424438852
13801860
477452302
94610052
142701966
5065375
105392114
467347612
413413992
102426830
131590774
10214841
61702383
4275447
96102020
71526605
92081954
357415291
428309002
121595556
377306991
81310932
492476282
569831942
66469373
124351142
402906922
12446066
354487411
417195052
407622752
85912319
398055742
65672691
15986026
17519569
135876668
356560711
75766545
10260073
376004691
132328248
60759285
44300951
10322425
13129751
144572206
75812943
871500
420852412
73043587
362757591
143172432
469591772
122257766
377145571
133348200
83756378
478319982
549342432
488977242
11746278
144572654
137728525
1105573
461827332
5728855
676196
69667297
438359242
355167971
104782258
526159532
65723650
599964892
454539272
67214733
525249392
402562302
13727645
79363293
393850562
691086
962574
135570836
134192496
96017822
126844569
131829474
108150900
13792835
93781202
920895
82183176
100836810
1141671
4368120
15404653
559940
125536812
8146884
143060382
2229884
102420464
3743980
7419122
67578119
67929279
3128095
66201354
97995394
108397810
1177215
391663652
136889424
27770691
4315583
455366452
471571762
384019911
528684731
378806591
10199905
417767032
62936672
2124745
62220858
127246333
140827377
121828692
86331397
405003782
112685710
7035510
456955652
387812941
15139931
359455851
70206837
504960162
540519332
70515751
82133116
457844622
107544250
70562473
509957772
425662592
11221313
85900443
451684472
804845
17221596
65551831
438359162
118584992
373033031
392111632
2157858
68043937
134347070
17614655
65938278
123336998
1184311
75812668
2844443
660423
117581660
4433329
349897991
121254142
368620481
567679782
23264121
566428722
6461437
79869130
417347392
3886734
2598763
6962232
114277426
416766342
584296182
404375192
99156202
108339956
397305992
141824099
76542937
545753
7635049
72066525
105051574
2506859
131519784
440073752
539213262
417767182
126844199
3152316
13917321
383792581
450991342
81219004
981985
85918481
2193451
17609135
363687711
99184230
136035224
110849278
125972485
11494983
115029164
3144778
142648698
145590472
15128338
134950724
77434021
107744174
1147559
96861530
586491682
93310986
98718980
82691506
118183732
384157651
3829145
368584941
481498372
60742294
3413187
565272382
82697866
144572212
105634958
409974952
600433
4168946
56293751
70562436
143085010
67649280
982081
4123461
4282301
84564883
73772153
139407541
74617711
110107298
407735592
604845
70428484
144689596
71953463
531222561
133595310
98436442
145365404
88476301
139786807
76908422
962781
6100057
83151448
114026390
676140
408505752
100251458
378403131
515490382
111780382
98182104
419135212
11897620
4006956
137726993
67239207
472992672
141639849
136377026
7667065
3055975
132123606
73064044
450622272
426703692
73025612
129311556
925980
136404356
132214850
142745998
472898482
4086676
599964822
74173050
76004244
91018361
2252960
124676926
3863209
53833041
120034528
107343820
144489392
561923262
129890796
142424809
4094802
417375052
9964110
84604841
3034089
778768
143806818
105765216
77445961
558728422
5170992
74196338
15618526
5786006
70697370
412547952
416136502
110956538
365347
434379312
85508154
456075992
1579472
13132601
7521055
92720042
579933042
87321131
569246112
70624664
428739142
566922
17609022
141978715
114102756
503026482
91645110
129988768
126217113
1087308
135374352
355814421
389691511
568362092
4676600
778493
1130304
439349602
350171371
389328161
77901256
756303
2464506
425597332
519295852
421758612
69974316
414789202
17193491
65359528
110315962
410960092
73682286
2261899
371593221
75767115
17258772
70322142
41292391
124600558
143172402
91282350
63320103
4637029
2285273
94142468
87862869
72897146
117581964
22354071
120441804
13184885
104641006
393601672
493894732
104999328
73682281
877660
542186022
407128632
454314282
465679482
970663
96861534
3138374
436183422
401458192
97537540
539670
579165962
124472100
140640141
135595630
72157022
571058582
66245676
122435362
369662671
451031732
144444686
629596
93208876
14499481
16150099
80164322
87321237
98174724
443446942
103299730
13547848
460284012
94311560
127623637
531246491
75779612
75623701
116720406
417671492
4175765
7474211
605288
355813661
869555
60765631
107544242
63022910
1579705
558398
377731891
510731632
422202512
130094472
72363391
404168602
145435442
3605589
408823712
378801951
563134232
109705108
417044742
369215721
44300851
53254101
105746510
78560282
61644185
134855994
70036201
605313
74602300
133426594
373440781
98119216
503026502
134401866
70322141
91068965
551414162
910270
410045032
67623212
21598741
137258706
1560019
15075133
95059540
5277423
87186229
124600278
369473611
63484054
134336132
449199562
128716605
3211445
134824980
113418498
17937921
449199542
382917221
141678677
412824492
97342156
106275412
17692535
439362092
2550603
11510817
118845458
3926869
405845372
66539314
3538029
1043339
95266778
80274510
969161
476218112
12310848
84564791
71078420
546875672
8146881
385978761
451031012
33827331
45544551
3590422
2171505
7675111
135300260
67164737
16047065
450329642
427261832
358095451
366451791
7442356
138379927
992131
10631577
99765786
5278041
456413062
14499482
676576
3903775
416765782
817020
60829206
436480662
128573721
602899992
17610517
112938772
118974408
82205246
138181977
12303245
37028011
29385541
132123618
384262681
131065636
17608953
586084
458869672
106748070
12754187
386969691
118687404
136744498
72089302
513131692
81230438
631701382
16668499
46299441
91398018
1436140
92720016
1467044
61250986
388461741
540900732
616490972
7406738
91359030
7294856
12206763
82237450
453098682
137202042
2847463
578705572
2745643
3129335
2300980
124603280
70125574
17258767
118155856
126902907
36326661
573680412
21721641
123072230
72089441
96341596
2292979
131804740
13547840
87757517
525575322
78859585
3657912
134945412
127242893
384707171
1174982
577423
1160671
83729190
347015791
456936222
118752242
604029
586057
67434631
2192087
42872151
8075360
361484211
63420331
368713981
1025652
12230357
43816571
73878887
144572220
379767491
541867
585037
71127716
473931372
378101031
75812870
533802002
13550221
526427252
581904
384157671
92324646
375437401
134776138
408587652
3137062
104416192
448276772
92352286
387148251
405528882
6104723
369246011
83389314
123409072
104337124
526302122
13159957
53067701
74602298
73467842
398796392
120130334
1117560
145116968
464754532
97198286
578424702
135365600
67814848
125208194
571884012
92650570
75800618
443785232
369190001
70041293
140787087
568133702
345743821
72924126
59777571
17610546
3614663
98408436
385154671
143661006
607635002
1173969
1186927
453844352
82152664
100835966
143781578
64066479
62220857
7658603
910908
14552289
469251252
1090607
356902641
123743860
112660698
143533264
17473606
66438239
451030562
17881414
130414260
411446332
94590444
906609
68020877
140119843
141388969
131867376
354841821
391346182
13651708
79875052
84668595
56675421
4602459
524167092
66027714
129632344
71304807
447708022
10235378
472694692
127427711
550288
402322032
388957951
381810741
397248062
537439822
411567892
91018387
412759242
413254732
827686
79587436
128546453
105803686
126370309
540513632
17343635
70274247
348916551
401455852
144948554
472992582
13988220
797666
14875475
82410914
404201522
70640630
3456566
58782311
14495795
61999249
139787507
112662282
79875070
138856757
125687056
141028687
544906
401683772
123545018
126033195
1093255
131981832
71898440
80164460
14250006
545674872
92154620
137726981
135817210
125544852
129635084
116348632
3088615
129313386
103512990
75538615
357737881
71645440
559799792
139405793
111665364
393665442
123272174
10324144
121199324
92213570
507148022
125153240
661586
378101081
119594194
121171456
429974972
138539977
468976892
881861
111147718
521077922
10236002
57265471
535977
7372873
17418410
2794360
684718
7429127
130893728
532527162
4299860
13191322
128800219
3085007
63241917
15177152
15586416
732214
67234551
141955435
2514682
531248431
858907
134891862
126436181
143531340
103773588
142248835
13783453
400335392
69565035
140915699
63226621
457268752
92877608
144230616
431467522
5840766
134712308
543837822
2315174
94107092
7480794
129633700
357851051
142336921
10186836
73346235
416289842
352178261
129660836
66608884
1046715
384151261
412534482
881850
14892246
958111
2820788
95254402
4637214
13160910
11238033
129374492
120350916
128829915
360206811
405112032
73116861
74417653
78800848
3103349
548348622
87396987
452945962
20622671
144947798
1139271
573701
133577470
420902442
137776379
6683159
2461065
97567530
144021402
3712363
524157342
141822929
82611984
11080219
467645892
130330066
10101970
400305822
83729222
2281109
388413581
507480582
127246801
136924618
84158969
562230952
17633037
69541235
453844302
137989421
16319176
566233662
446236992
508821572
13255142
131183588
110149140
446697322
944167
132514120
355649431
397229022
2298467
346434661
83939725
61697713
64628205
17978201
376386051
429272952
14496778
3715219
526389932
85372130
397571842
6270454
15527575
86833875
389488671
70777773
4311271
141964321
65236035
374051781
1143499
73470121
1147558
356184601
519078662
375801931
134946510
403915322
109170688
371593181
14477463
80718716
1013395
133062640
145571268
468098872
536421032
94771344
134885130
144154406
513360612
12713707
21718681
2195960
489126842
7830700
346089461
500346702
80884860
135674870
431492752
521607202
13159848
576863112
3663331
471699472
100408074
482596842
439757832
442576632
106975552
87651147
383683661
58837931
14496774
85203042
6561230
137726979
22747141
3129366
14681020
427222122
75980649
140986163
511840262
452587412
114138688
129780746
7180084
120359050
350171261
97963058
387780131
14202934
110959122
136331722
575269312
776053
81331108
76715907
143171424
142750002
16122907
1104670
3979853
64628201
522395482
404153522
126902921
16149112
143783686
351669381
13783451
17442610
129009618
10239410
138539989
451164892
504157552
139263599
102874906
61289466
2551693
125544832
1107836
624314
90248135
124605228
81218998
143170434
378515451
87320577
130416864
1175344
98100198
569939392
473143372
66314866
562774702
2109727
135374522
134298666
55613171
433288732
82692330
345997081
29374221
114990962
455230812
13140800
463054872
98354510
142503565
3607486
474801632
12711428
430286622
2506852
66875384
100924278
492110862
609385
9909729
74232000
78304783
98163588
14202926
454278092
3147912
380735371
2556443
478600992
378806561
138544671
3120992
370862991
417297172
86264449
69810172
13558958
133103918
403113562
1027109
72132352
131308122
6955550
142341501
15177096
9592947
103305926
82285672
140398651
12024123
463760252
2487325
441334922
4509222
2477830
4588209
787169
446254112
73528760
93557176
346434711
95148380
78101559
604283342
450882142
110326088
10114223
449923892
759167
5093637
6596884
78516484
140869481
92720050
410099442
448079582
123341158
628313
142181861
97235908
3755947
598081712
392532192
450927072
137726969
68123137
632493
536408
381260511
108933444
62720676
71828727
105710118
95002272
17473601
449195862
3787861
410990012
3669343
132123148
4162670
64628524
61289022
411474492
436547542
132012576
5420472
3147991
81636424
13484667
389062831
422202552
425604742
137989425
420845562
106636610
539147182
90383247
7068409
41327051
97003732
112667892
122118872
525063662
564949102
539314222
10573068
4309950
2450605
561856052
61644204
1126602
17615567
65191248
555272022
68607439
480878212
139905127
84174849
30773001
76008448
476645202
105364502
350055661
924094
394080332
76133912
64448964
354128971
97956630
130941724
92136128
126844187
578341
7474216
87933507
5088071
62135323
142835510
994234
313637
506854172
129531314
72003384
133577654
129634916
834906
519619452
3134163
6489157
121518396
137833939
1039393
387316651
138000533
130252264
133993024
481628482
2140410
2628573
499632732
355814201
75540499
5278011
461288192
456417882
119031278
2713195
102654980
7474212
7779752
74791108
502743572
4639283
430215022
94488826
784662
138876609
117876318
130851526
4315383
144947578
62936660
72391765
17819910
741279
138201305
136404338
67319571
377153411
5317031
358850321
13623342
110956526
780663
3437878
61246264
65657490
3087142
107351026
715704
1159150
427655032
133584886
576844
7677795
100328786
142815480
465391722
69233067
5288626
13188346
83141846
64802292
130755398
107878878
117006396
349922291
73218720
570130
140634505
17634206
583363252
901412
491446982
67986243
400937602
545674802
2288473
472992702
144944648
562694
456058512
3683931
5606979
384157591
134974756
133658296
95343666
386087121
449199612
397649842
967465
97342140
529681931
135577504
75559455
542389572
407216232
78516693
98028104
134946696
70274249
4437789
3580256
727541
61639627
14944631
141591261
414838222
136404344
77897436
126534893
10686279
142752186
131814014
64471365
120821958
95985436
8317022
4134369
62452796
546875652
129781252
573659482
82182354
401791132
534686982
30773081
71724737
78449188
395500832
352863581
106264418
144851304
876433
369108821
127306501
2285141
414353132
503894512
430448502
134026792
115706580
582998682
9902400
107538358
354008131
441500292
129369962
120620172
90072871
402829562
129219478
10240182
426249612
375262281
446684862
95225184
503379612
404563252
96824318
417673262
18045301
103513000
11085529
106380372
102208928
112667894
525339422
64448999
467229172
552025432
952333
1101513
71129379
8082406
143183940
3821880
84857497
412547912
137200822
142329655
137345996
137726967
14876844
572794092
359303931
4315524
688908
119830038
4288221
390457051
76496723
363712951
144946596
344971141
353976481
370962431
26608061
846705
4256605
62072097
3102418
424844162
60810700
107744160
541625322
531822661
561855642
439292592
564946662
134996364
66191073
142761758
516175922
2112979
383028381
142542521
98100194
361484151
445238202
128119327
428526372
355458941
5840882
400407142
131391752
40483211
377153421
352140071
94037380
4109164
143533262
95060070
1112998
138130041
119872958
72370901
141780589
61593865
23712691
398509542
425709182
3098844
110549624
511038142
602353
69441019
114438516
13784240
78318614
3060682
2503284
476195172
387447121
476278612
833971
100925150
95505254
96575034
398509522
527487341
466896982
373746131
100925154
725950
144513488
521006522
1086629
107823322
3164953
69471716
128855460
69964810
95254404
358574231
114802820
483766452
784314
116643166
4584250
72189643
405528642
3899220
370862971
115710948
561411042
448779732
105691380
983907
2219981
10360830
124195952
2304525
69964804
70248406
1043778
4315254
79330921
87369821
380957391
380544211
667736
403115052
80603210
420845432
405528672
597823
365578381
12950823
456412282
1104040
84898645
618610622
445997772
479801662
70036208
483232812
110446172
417879952
7494957
136370576
397571982
84309785
136801252
144572642
61932462
139506149
64469873
12109430
351900641
144258986
60688255
977945
98028804
378752641
383961911
598221412
954944
72803740
418384692
517043022
81309628
3165212
84855675
7675118
6639026
373297871
785207
995498
354045781
6258372
75400244
23403561
139520133
74928900
120307616
106061610
136127916
360750601
18063017
106061616
142747752
103051068
449653672
427346122
6229756
11758364
1159159
579932622
123911750
661824
2171508
93477528
361484141
376208341
89575443
79665690
3590343
4274033
79726422
583177752
420845932
367829481
62067116
506163702
2263280
62797058
139937775
823135
7151627
62608151
596030
96678920
141986605
4229670
136408142
428682142
7091366
53228831
70624670
863911
75470169
134336134
73136369
611354
265101
105751456
407047262
92983212
131557464
414870112
145240398
439484892
74327007
349850501
139563491
3063168
505511412
3914073
126011313
59506511
1025634
399066782
1183250
512860122
459622012
389100551
127676945
91323208
419901232
136918840
416942202
104542942
69648365
534012462
106804536
17607152
350378961
16711116
1293149
78800147
17606034
817053
79162101
88923483
503026532
141688205
119132334
12317607
444017832
495958932
4677402
78527803
374337511
2281117
102429064
80722286
457410232
13789104
4274095
124875428
1090216
87370649
17610809
82341200
4311607
450890452
115811282
71828724
446628622
481664692
424531102
361484251
437146502
1178034
60688242
87675815
1014549
142494505
79875072
405839632
79363307
510377572
36542851
91739182
39544571
144389072
22784831
537726532
16323599
80591546
17604914
3130306
955752
141978725
131226256
101308830
118183730
116705342
407238502
581751592
68945626
105710942
414219182
94753860
136924604
450653432
394510092
3129593
16582916
601837412
5404619
126011319
4197807
74578093
128949240
350387381
123455658
103052656
15188883
15439785
69569226
83938203
5975001
130413586
353121641
70226220
3148106
141851513
496702382
401788522
7634834
599964852
413413982
440035092
128143131
13130994
564894562
14738294
528709791
61999251
138128007
363800781
1175264
134788014
4084770
109864140
78282337
138539157
354045741
2654228
852090
98917042
420767272
17141498
6682863
38673331
107813334
55844741
17606793
376985881
10064648
444491352
534674
67806913
78989446
96252808
116348620
125018008
45524901
401293752
126259195
450355712
117650474
354918051
33216071
81020870
97095572
97956148
93445418
432350772
465455052
69337465
351669371
456965022
118864334
350019281
140861973
128551265
30433421
74929301
593099752
68582506
60833049
123340886
121953952
5278042
429943782
16035710
17615570
3147853
3611374
1053446
138544913
140886001
145343462
70697284
14457765
17390736
3993054
89824825
1047823
907768
143171428
424502752
425509092
6918268
420845922
96770384
126023975
72089439
134336146
12819942
372299501
70715050
143784184
422245482
17612004
354566171
65230878
374265321
61089201
138740357
562758902
435851512
555638572
76199994
73915409
67959012
81143476
404977212
858233
3119266
366293631
83941095
143783200
85436742
389213051
66307173
1974009
100109002
137818651
101743091
17636780
88611955
55015271
6986961
12573305
382971861
3586814
391361662
71133547
1128472
104154758
427933202
967334
792267
110150148
10237971
70079181
357748941
475791992
14617087
84564789
959412
72059805
577650742
14511284
126902923
86910585
75768709
141338159
139265055
111780402
368721971
85489508
13787878
69608342
17221605
126320535
129314024
4733673
921875
17258764
558504102
73916147
70199385
130133067
860155
62724018
1102966
370951911
111840066
2963317
129634560
576179062
3567711
16149853
70528478
4736207
3093991
1105742
66808046
558503722
582003
1436356
518275172
401840262
81431860
67256865
412550072
529253421
401989122
76446607
505533982
444049932
347310571
82304288
718813
3825408
90624085
108879794
70016985
363728121
634811902
448082952
69002433
1044131
635647
452541222
63424926
84310881
126844197
877505
525863342
2681004
368527581
143352950
5404573
401682762
350780771
4185793
3369072
117726682
106061612
5975429
6278230
12785907
370176791
126503749
16433486
448112782
3885291
10313150
106992202
127421001
438837002
78511945
63241916
476290542
141433453
467645812
121335728
88152889
71483073
362454911
422102242
11472478
3787859
135083724
388904401
94771356
136889430
13230132
67795283
142701952
10006350
365119831
141425353
366161151
97155886
2150191
15676251
366969841
99542230
64732987
2171221
75624219
7216940
79727574
119556352
81266394
2602781
13651710
2889774
68772213
17599714
393218252
514962292
472992692
503122792
17946793
106061598
502776542
722175
368713991
102366246
285835
79727562
16488723
450953142
133103646
508105362
69944120
142647970
79524186
68586753
2681006
3129408
4967938
90248133
4086858
130856472
138540035
555550692
77770641
137238296
105911958
404007622
2713544
581751522
12573304
65236038
74173036
72401820
4321343
454201162
72313221
13157885
370703671
357459591
4307636
383962061
1674585
121254872
413413912
3403707
124220438
439864492
417342602
438382492
12801784
3129761
4828156
363783311
90221453
140634489
112311120
80929822
535768582
130751142
99735796
62742638
531483151
66550450
541013
3365757
92601012
103051098
62220852
92722970
97816194
435800672
479899462
95422356
110849274
118271120
9803858
60742352
64973037
559662712
412628522
4538926
89721547
68171953
33582591
347274001
71844203
417330712
424449882
100515110
124603266
404182992
126939057
416145032
106709702
916442
71902319
113799388
143680268
351583191
538295172
92331348
142760576
83837274
130414906
3091925
34625491
396246692
60922878
572537032
3116994
1105734
3085538
145695080
133103650
78496825
62507862
97342128
460278482
20288501
116904786
71249844
438631492
120738722
17599148
468196692
511324132
459099322
142754038
389074761
465630432
12255571
870783
3051805
557634
92873564
55613251
95760716
4210686
12965055
433103962
385082891
16488613
13913367
106061618
72544965
548118932
449127792
3590282
109864130
78391993
3040655
133154754
125604782
10133198
65721415
676854
126846625
114802832
13776582
137249758
356842841
120352046
383803261
106297168
552212
118534514
6953175
380536171
124147548
425582612
105981656
141404399
84262985
127244141
917795
2492069
401208592
800631
15078243
378214361
144943188
62070471
134945420
145444618
140340449
4096633
102659142
421321002
357727281
568569382
851057
414655992
143169114
9852839
36323441
129403728
119437414
458532832
61002925
429644262
139102925
98182094
446591672
410548402
356577871
131875288
86662741
120287466
62293833
79827280
100157758
117074452
74062292
438359322
69941970
2140395
423988282
447102282
79363289
400500582
6297755
358675231
96116888
123232834
133177372
141827629
373896581
370426101
116348294
449127802
552590362
384586771
44112881
398055732
399085492
397941752
17613159
2530864
476190512
66724905
544840402
531941451
2112355
29377601
911085
83938237
907248
539152
2930020
461288062
68584634
543724542
79665028
358187311
13913372
74252539
87801649
601017
379048611
26264201
625436
356970961
13471494
459958652
1174609
139474801
13792833
135294014
408727772
123793864
123420054
371463761
82315628
439484842
3917164
65227248
130851532
424518932
118583826
96449060
71469176
533982132
218753
33207661
543641042
411600422
115482742
485419572
395119782
66505679
3089507
4621948
454853402
539850792
79875068
7675471
136340478
66314967
84068919
82300790
98098338
17681688
580863972
124889542
88911117
80164464
525529112
353115411
435341242
14834539
469666462
547237662
125968135
66901325
2793760
111780398
135724248
500152452
17606004
2630343
75222641
360671051
70106524
531717181
69002438
136729204
364452341
449072022
13249551
125544834
7675322
92193550
17599115
124147556
368700081
117958898
77749337
970659
84309705
29381011
131519448
89727907
7279327
124138158
397571852
420902092
386084711
141403705
344981371
3138053
547154032
65930773
78102373
433928332
88252793
413413932
687677
680427
135374998
106506526
503132632
13549172
454314332
126187751
572545322
94690246
114811572
140813715
4282297
541223962
130414228
442649312
62471661
68947757
70046332
15218404
345300241
372087851
141640895
12035024
427766542
412543062
76440842
82230994
85504228
1105743
431467442
106746768
118068452
608891
383013401
13142594
745507
14500181
135870058
373298901
144021606
51445021
420862372
61005809
422283382
364296091
119874072
443915102
13184887
126902937
17553390
70584825
75072704
86157497
7857567
133095520
143410420
86044525
87285741
137727931
17914660
434708592
3588703
131738630
133418318
78670917
536910862
64926986
134690306
384812911
108626834
2113544
137262648
108088034
134024958
471579302
109169078
15586288
130007998
359455931
391644532
2553087
5429952
2248376
351669391
96449282
10239545
128948180
392315892
454304282
5278004
533801992
139563481
398055702
94439814
17442622
116730380
119040480
722642
67499238
3164997
546875612
378894141
2514679
425599162
431277812
1436163
70259390
74173047
87933505
3735019
400306022
71999822
450906362
561807332
13503834
424844212
113417632
3658085
2221582
396451232
69828702
14404294
120307584
69739112
435800642
140711791
442987622
128706823
357737791
401989062
135052782
15547301
942046
3081259
420832222
395480682
3658089
137202014
1436338
100735024
72089400
95060032
16047072
17609422
130851538
33367021
515897102
84763513
134808584
5966898
78383488
446712882
81747778
397302082
525353832
70078208
99346744
401236762
2654328
73064038
89127331
99410116
512802802
756318
87936879
350055581
383013971
1012940
6720550
365979031
14872697
99291016
126331805
2285125
4311600
7410392
472982662
89575461
68584691
456076022
71354020
103598068
543906582
62293836
443829852
13247458
74569216
457253542
378072241
17347964
119437088
89575445
564497
378213741
414881562
54936401
133098460
52838301
85918459
101173984
82380266
1101848
352119251
439324562
397305922
407500222
935714
72410801
3357614
71844198
937649
4609037
4670277
695836
362539251
95402892
71631869
61043328
14932019
79964478
143401574
14333215
72371377
16319227
17390666
89145995
405215252
65401110
122133746
513195152
422283442
98552834
145518716
559662852
139480231
96315820
140913845
416821702
368527601
1052073
544014532
454426362
92213464
44586871
583177802
363682001
135527558
12802655
1583148
552624172
114779096
3886181
357737831
432286462
138540037
4967937
4088265
6920085
473451062
121560384
134028326
6489198
143235194
78909992
95258824
64482460
137752167
87186691
590067732
531767391
2320087
4622457
383962091
13159670
2307304
463936692
594588632
102514586
3147298
119279866
65247383
431467572
142986214
4225298
32139911
71711088
118820686
452634482
566244732
79391469
105243898
61208284
568120932
412387522
105710452
73507015
89077561
366452181
67814849
120131308
12186660
104621794
563085382
103884244
90465925
749723
371088611
129540278
373866251
409389832
