66190266
391786232
419877012
98028102
7275392
536485
4967941
108120460
785344
526544722
142433077
78017142
60946211
62894203
9933783
75927552
426047942
387436771
68070177
94664182
58751841
7283130
67772632
109700116
3238675
128949646
2503280
6269378
113536192
78479885
27464901
84928335
73517685
73696392
1161679
7006342
61686530
2658758
6545483
77834443
78573985
485140652
916334
60788474
75819429
14579018
104099668
520031902
530917961
416171312
1583108
121535296
116348452
85918453
70452535
118997166
16339571
1043879
680545
3432594
532168462
145385828
61254077
94689414
403709872
1131136
131029958
6776987
99102106
1145125
136339500
139888793
85838797
9581200
536979
477846532
6343272
77087849
96402942
116496904
4642492
555642
561685
456076072
512274302
389034231
918339
75526548
4619468
4123268
443060772
77769925
559617332
79041526
133581954
969347
2958761
3996786
68513660
84682153
698274
88487431
69355584
71546164
13113941
13145860
14477354
65475290
17199793
429501742
789312
427296462
42855631
790943
1151525
983242
98045418
7667062
109569510
2491581
72427148
3155471
3117869
67238740
70697368
4670269
68771817
13787135
1024973
143170978
75739834
1112993
417653842
821615
103052650
599991
393604162
63461031
65788679
89128471
3614125
767430
72353231
7059491
142337027
100357136
126847589
9995248
9938229
2112279
7677788
7675130
549579
4764135
91084101
393460742
548365
145271158
819145
88376439
71148363
65446366
877408
2201204
103550554
115085498
221613
70562297
96460712
124197688
109765186
142349167
109176426
14396027
69991410
10235907
931338
2551684
6066662
3146991
12910303
126328461
10786248
125970477
8011855
134949752
9796911
78282084
11735796
610997022
105011252
920062
65072453
143172438
943376
61760947
440823782
10733586
82257532
111645632
2232655
99925946
138739255
2221574
452248242
399885052
689452
420717392
500993022
14406852
69217042
1176049
2157805
16310154
629899862
913671
390514771
61102747
917257
145030634
504242152
68414397
100785780
581082
134029798
3148051
5336697
3989825
131383234
535479592
86917101
134948416
475642612
13789082
143066562
93218930
128547183
365150181
63534222
765436
3543546
133903854
125692074
344906731
3874951
773225
113416792
676183
83141850
1581667
790933
125043360
101819843
145559098
93477544
68849338
3834127
94424876
77468111
572227
102400504
945411
132625718
397746742
942339
16015027
1151528
62165420
13197416
3100559
90408901
606882782
120738154
2122540
144274274
88376425
75586848
92021830
12166834
3089502
101660347
141843401
17143866
76662410
144938856
83729200
1174011
17790907
60842359
2298089
676847
45417471
1098747
1143348
142752898
787629
3152105
88003855
357548311
76150910
15218400
119436518
5150304
85543178
456953602
61249544
114477736
410495612
4116836
90119653
70697363
62376290
94917848
1722781
117430780
88825289
103512238
963159
3137092
548348632
501851822
110256484
13131052
16474595
416053412
68544588
1112992
94086058
140721781
393460752
870302
5341218
121607886
81829544
7703994
71171863
5104489
1112816
67974654
7667355
141826535
431467532
389063831
514940812
2553267
407435482
142365943
676954
2036977
561919162
101215842
97914344
2517427
70869751
78712309
54519781
92216462
2803687
257205
475132772
34597871
73399855
72804702
72717414
124600556
103738074
5425214
361256651
1581601
557997862
352933411
71725320
1003544
140683097
877655
126847591
13242329
8112357
67354825
373045661
63441317
907922
63565179
1181897
72160310
3598719
78450720
87114415
936861
116348612
75502849
123143902
870857
62083307
7163203
527930531
362288241
89868679
452663702
428335772
586399
66960171
75429581
122703266
116941778
540433
10195937
540738
365182
346434641
141353331
556039012
143139520
422065412
11288817
2320089
563375222
106061606
130797190
65735115
89158299
8104352
1037928
15531168
14352333
905697
71099186
3142380
68592603
909884
372740221
4315382
67692410
3122969
61424047
98619200
432428372
3164176
141433451
563934
107351012
66314859
97156040
145214384
1117106
14196881
134112568
938095
910212
71886594
515509302
19271721
365070
556225882
78628658
71844196
438292362
73116822
115422782
526395482
58163051
111024452
892928
7675610
83111376
422202502
10498776
128658495
143984632
75243652
1125953
92872156
71678142
115021500
5079323
2743916
5472082
78671171
476628302
15641322
118807484
117726808
1079668
517799952
13444256
3850006
7653920
102507050
3085246
75014065
142413895
3167840
62513947
15077811
1109733
6154092
419137082
126609115
65441974
2304539
75526534
414838112
87644775
374681251
538712602
988873
125400582
407673232
86671157
409679392
130854518
5414031
434472562
135815396
901540
2530363
75257636
130414940
103823446
1161008
5404539
11192852
422208042
128947092
37734441
101906833
3432724
78033230
63094652
13305147
94212702
466953112
90563091
119357816
107744178
10446169
70184647
124600072
499988792
450179202
3111895
99156218
89860941
438740482
7981041
313640
124220570
14340429
140261745
568102
362843031
80027542
367873701
423237732
1015879
4638780
65356220
2230117
19271691
92957128
78935992
877407
3905056
3969535
1151565
81404754
429944882
120747888
69941969
474654812
3120617
145018974
142835512
344784151
99554794
94195882
117797212
69390867
133135258
15079068
572537042
69879255
5902858
71734900
628267
3850928
106506510
141433457
2447632
63462171
5638221
145524532
75014064
127676515
559356602
504734252
79093919
80556564
536889
14348161
12250370
3135563
2269602
3135139
2282833
95963374
346001631
14172387
143909208
16647510
64604257
68952830
4657537
5679610
481488362
2680867
129134702
14574292
913858
5404548
85986283
10389251
902310
3138299
13464760
1579474
109170676
3138155
562701722
472992602
81001886
11122794
70512227
76004270
488038212
542743042
46372111
1101960
136799450
10784707
398055682
4232298
797521
135452162
6348373
116825976
80678800
504135772
5420471
13145394
60907055
124124798
62166945
538825
99107038
4858199
69552385
133775070
58782241
70172556
5404552
441178802
61033545
424782042
538082032
111777906
103661688
397729432
7408115
54519731
107346386
77235321
489821362
565655
128458659
393460712
669799
671348
64281382
490393942
1095830
61937356
128743099
5679601
67437515
73696398
917265
963284
512070322
72545404
3105327
784884
4195713
3658609
925653
3102475
96911558
410114692
1149282
424880222
605276
86096869
393023272
15268279
7821736
84709673
140055751
527118672
17000055
372679451
7600663
131351888
9938345
119004438
407223972
778429
16711145
923329
3138798
102201610
346050151
490712402
73704169
996082
925956
101050160
4307640
65117527
1248845
3132752
82264196
977682
75980657
69071715
3256025
426140352
118585342
2751035
3256064
98265290
68446354
69465898
572770982
3151427
85989815
13708439
80166106
2229726
100421548
112311784
8081912
833622
1143493
135067148
412576942
483158192
595283422
601013
133261850
567679802
16193204
75699699
112077064
75254266
414902832
263419
1135922
44586841
629899782
71645437
6605156
12292186
393821412
142225805
83794828
404284422
351839121
109289126
140869469
3155221
86490973
2532111
552827032
17412299
12914358
515017482
16046949
1176588
126092539
69405360
438865462
2813164
144526900
71645392
5617079
387526511
422283312
547159922
263416
534628
63694179
77235298
122703270
2170507
72344493
3462875
70100098
6590103
93477536
4288159
383131931
101235216
3145761
800613
72521065
4736197
17143857
9990584
970667
3147133
3127387
2860210
3822013
14500223
1091548
5169978
7857235
10389041
81300220
2300114
72363390
483760432
95140962
6627454
549940
76533723
213542
79036873
70067409
61573287
2550736
136197056
441178812
15106739
68925178
6617373
114477730
7058831
144392410
457933542
2527813
103134722
73922864
96507496
608852072
94901768
135376476
102047783
2234474
109734566
6297558
137727911
3105622
4315317
697476
92983374
70266979
386166821
13138703
1172093
10446162
1749949
705770
576851212
81918116
904732
77913401
86489749
3116048
886443
3129679
73838361
16705333
134036228
135813056
62070468
596680492
61490522
10199088
909877
74816418
112857688
117299862
5105781
447334462
3589589
113203676
61239662
136767886
2527501
75541063
369196791
674958
101160352
213473
16393890
85793223
143782636
5652656
911241
441008622
486928932
627125
1572296
94727038
885543
354628571
7583585
124655938
4195714
118195298
569517832
14509580
10284907
3768487
4602456
416422882
3614666
74006853
105765234
92957122
113988624
4289750
3087827
136029272
2894426
68515134
119936612
63275101
109228732
1137234
869546
2536948
361192741
78016621
66622061
90531175
1117109
4232304
11118881
614689
722604
419756882
823129
118660574
70079768
15593565
3130304
372323271
614693
129632340
55277541
1724735
856124
830571
457305422
3067260
136889408
4520340
66190256
909611
6592574
504135662
963085
78176708
93477532
81404714
451149572
129009622
144746056
77861338
589730632
263317
2043943
71590745
4311595
7798411
58075201
129568030
93954148
16386273
5817088
434610652
72544267
371625871
11505965
98674398
407475222
1141677
911162
606311
13188134
78872581
15026174
143273054
60733834
75610732
1143634
122111842
10783591
111780320
121804864
107744162
866837
369048791
77573538
962507
346047531
84312581
96316288
90099467
83971629
71608366
2527809
18050343
546130
97173550
56889841
3135143
350210091
63456965
144130194
7404927
77647351
134290694
71353931
68936071
948047
1117125
110170472
698260
3152605
72333357
368585391
3403454
71624767
492150022
6640223
6992630
409166172
350984071
539082112
103035400
368993461
109170920
416053432
117725904
542748792
75711295
115416808
464037062
104088780
765511
378514381
20296801
89629793
62352508
3118577
144949268
14134697
70200776
43340201
3099711
113514158
2994500
134026180
1023429
126683101
4124166
3087241
603072
5106094
104614038
2238145
15177424
7025323
125544844
408868852
3130521
3364099
439324582
5639256
423132742
80318330
127724339
14932072
1739021
114509984
1176050
6802321
71452862
18240851
54519701
75876890
61752797
922730
3765244
133639118
565420
61249507
5784312
13458609
3119536
144293068
574299322
3386566
124218492
104082608
82099266
74173044
92829090
3157972
7583579
2124128
383826471
2113904
369223131
89412749
125190256
144946902
1248536
81278360
517740632
2243341
64802296
457266442
77615364
64312555
10260081
71844141
2104130
127803599
447915142
68953694
608701
102578128
6030261
3108438
130863498
18063163
458840912
61466576
61469704
3097468
111852396
78442646
117497584
106693286
564412822
3599709
137728127
4468321
2203493
94664192
2204604
82750252
70238457
95448552
2301225
112834312
70904857
598697
84253691
2484995
884756
69255022
4094367
64820753
71645435
7675086
1427569
82847520
348659101
122447740
13139959
411861052
93669524
8086129
107406104
424166602
8164626
124600916
3787858
76057846
112662370
142748778
10287260
85231908
439484722
120850852
126040089
446861302
381431801
86397579
71515966
3134753
126331807
602261
62165264
144388008
3089386
882920
89844259
3129323
130067286
913683
460459152
145431202
3102238
90408887
81105486
468326752
62874744
375882351
93477526
355493131
1173623
43173391
89834817
393335712
134951488
3709955
769964
1575269
17522632
123722066
89570669
70016979
8164645
430137062
1109792
786778
112076884
1022290
2651094
84908559
4638779
77484982
108066448
78671180
109169054
72132388
65583035
769477
97026614
679237
120732084
350055571
136864430
4952888
525343612
88329305
67950719
1101648
679426
131456010
7890004
1103102
1177867
71415361
465649852
2514677
79088194
136134998
3129569
404508522
85330174
906716
128847747
61263041
120489854
491898322
69105409
415225082
3099009
119205658
75717115
98833998
88195333
489034862
129636264
61005365
1138006
121604738
2112975
1172920
65723659
112009348
464226482
3153065
763336
137726987
557240262
524157352
3119060
3121473
13544754
421259032
124551628
3158377
67670224
675818
77784274
579893072
133135660
142336883
137438522
107744166
463268972
68903082
140693839
534727
93554314
616963582
989559
134546947
13146819
65101374
3103846
90408903
387308941
135374166
98429222
567680
111780390
68352605
4670271
3457053
883644
604371
142720678
