455743182
1175274
17862297
10284909
79124945
1142387
5638936
2948508
388197451
9812698
69627777
111779610
346854571
555759
117301120
68634975
443078872
61915569
12612231
100311332
7117064
7703598
80859236
2527498
128474365
367583341
64332891
67704219
115273738
10337241
401455802
39784121
113945464
136869772
69247345
773697
89860915
108949490
76461358
59509621
396427362
14592443
3588441
87115269
86425289
79257291
10665493
16462613
12226389
1118055
12648940
548188572
1044489
8076233
144591782
87669873
3130429
90290063
46641221
127248351
134521524
25880171
66864173
142288965
144958746
72521506
69107572
60747032
139884407
10279760
66465544
131342334
78934392
76489524
79296655
848090
3148087
68967503
105771042
12754294
62813525
15413324
93638350
73284224
415018672
114313182
14211526
70581565
35088281
71938325
22396591
15870534
4235279
61430175
2640444
14519026
76303640
17614057
90697329
86036045
70017000
994481
13142790
8177004
7624179
778704
364957401
2480574
112350072
82241402
555643
132538770
35098491
127246771
3075135
375196321
13145340
67165310
131212852
358481641
142335465
422942512
449403822
10180131
867320
62376284
3153778
794037
123828090
389879761
114477752
3092548
4468303
12896519
13840416
71528858
62714788
134047482
103872784
371755451
66472793
911690
15781395
64935415
906558
91599902
715510
85035469
101034150
69354921
369223721
75805249
73696393
139807259
17162826
1108095
66337570
83385946
138017891
12335569
1143342
114391466
6621823
2122536
79223483
394916972
402489982
77846199
4601933
63297551
783893
100251364
77620634
61167336
67764075
111777900
94184748
3129775
7646476
7645389
68515594
80142630
82750046
389049091
809550
95149600
67443653
582285
61638627
140215099
7372872
15430610
13544743
123395756
87543293
119976312
76722976
102624314
5475062
70812769
134869068
390945361
404233262
1109266
3133458
44230981
3135560
16331689
136337002
72411304
35781341
72545563
6596867
2283850
72313416
18084689
15976106
2517036
3104969
4116567
115863814
6471311
5902217
1103103
4369741
635191
986032
882287
65395530
79589204
5169820
925323
106221998
123643942
924032
73129782
4224616
64729489
90661201
109169074
77698470
12226388
5400245
142328215
122927608
392284592
124817150
65303782
535016372
555640
2435238
68945004
72569034
66644176
412782752
74088366
417538052
482681312
71982452
84694367
11210428
377457791
70633329
85017107
12270344
17135108
17946332
2553109
1101664
511594332
449641382
86164401
87789157
13147974
972817
3113981
707328
559415
66415467
371629141
1161006
3077081
72779101
84693587
7117048
499449922
66770160
72796861
508815222
626418
117301602
136887800
13147852
100816096
14524979
2994504
61637383
19271731
3873978
10201953
80198286
608232942
531582301
464135392
63049355
61662602
98286648
112264768
83837258
90574531
403064182
3254821
1048888
424788272
16028114
6414668
571902532
115426332
4006595
6488352
40198471
3166816
2603797
90688909
125836425
137212726
415201512
77846464
5093672
86541299
63263945
775712
2457787
3160142
452730632
3098277
121595532
137130338
396209872
130855270
5153727
366497891
124996686
15177966
14154341
68513701
4598043
2712817
13145349
144538328
19794961
100328648
430415262
13133770
101819847
551207
4217508
109703512
104233796
7725556
13569193
125807621
704971
77235315
500235912
67212416
13129340
1146543
69122689
69962765
67102111
980632
84151901
2960232
724415
125415260
95963366
426780562
71105434
126367843
100590114
835210
73518014
2396486
96731238
16161058
14932098
12745979
5381313
140390787
81689190
2173929
78595927
6461419
110104070
78479500
67420590
213130
104538720
77080071
16705444
68944612
71830182
61167140
140182699
6574881
627112
3156222
13526160
14511048
3356773
4123072
59127261
123788270
38375101
137727913
95611894
705856
553239
83920837
15778215
506991992
940651
16501711
69018826
2447436
30148041
137727283
76411968
87515931
7624156
92089280
96116886
3996794
75980564
6031849
82199332
119429176
7779520
89246879
495102282
124220532
1178334
557360742
511062522
124996692
90305557
71099150
638295
403601352
94780984
2674458
592368992
133165910
121215566
17946353
16339549
72569039
13291256
13139941
363809271
488547232
510287882
127970591
81896868
137865211
9915048
105264808
90369609
62027983
72273757
70386446
74718611
68510253
565127
143050666
2723005
12815699
95138126
76273041
67417649
11974559
75833533
2992868
2954716
680096
7461581
42899661
1059111
13726474
7560985
4081125
520827452
3156238
74998941
78304465
73738684
106886214
7659247
74214534
73160613
75070409
400299242
72281437
7151683
12415319
70565984
64607963
59517831
72502517
2452122
62167771
15781396
68075498
61405982
17614591
6812358
371182241
13275760
2536789
581751632
830084
82139026
12169961
552417
436551492
101511384
5179703
204082
137828447
107346376
73187245
527830361
68926934
1576424
371639791
3100893
98320714
106506512
71131653
17011952
5425397
68350110
2954698
97641008
142986222
12504424
97973250
791064
355727101
549965242
60907048
62847157
141822951
130850550
78733533
5097017
4300032
43355521
124677360
600545
15929308
88845911
88402417
834484
144203048
392116172
88417645
5161811
95620066
62165439
5468464
136869786
63042035
9812700
46233101
70335419
3122976
13394789
365468401
435030192
131751022
63985692
121239340
7773059
68953165
38430771
89263587
11505964
16711572
128877086
994702
88904147
621998182
7777962
3136779
130415502
63373284
397348732
129504802
70916122
109560118
96461656
96263356
62664210
46676701
315619
7272269
126848295
125790699
50454871
555652612
126718535
55012861
3129704
13275696
88681091
13719939
118629366
2544057
952867
106041934
93134614
375553321
3957959
120026876
366449291
1123670
90644145
52880011
416477062
368282371
630707
516561662
77239643
353468481
4253913
382149061
76995378
2315173
129311368
14440935
65173874
131781442
110956232
3016393
3750982
1000121
93841264
88910091
71222432
2264729
133204796
597166
89077521
62724005
430719982
1002915
7474274
75245632
75536772
15087729
6207160
424037052
75502843
62166906
104564960
68943070
66190281
144792216
7813316
15567515
983448
439076172
61394213
6517504
61042729
476918332
1584495
1925317
54305061
1216325
100778244
144545848
395273652
65395520
2599281
137419406
88936757
68116163
4709940
89381101
141105803
457299772
128490607
65728430
7951468
97905030
51189381
578893262
886462
35946821
62624921
68849301
56725581
3116046
77374885
119813702
82136002
13146847
415191372
363944621
630856
78650397
10178908
62376335
13839328
82733456
464341462
136022326
61723211
112413300
6048701
10446562
127678861
76438219
14834992
87676675
428753572
6907151
91293564
20384181
92648506
402932972
4209617
14948692
61110496
13483754
109171210
61685631
3437122
43340211
70266760
129580504
371182171
76438218
5688379
576851222
80354238
425845532
12159134
89629811
96341568
627683
562455
8081935
92141200
17561485
3573483
450365112
4184667
62639381
377979741
365750361
128878464
344951441
64972418
142469149
113366526
71427982
126379109
2234302
61172237
793837
115784474
60774734
3333682
100362280
2921477
9440520
118279730
62895463
80197800
66118277
112012282
406928542
105872578
75878397
19002701
79245339
94184746
142749606
69714264
6303436
3092650
3742840
70128165
72363388
66465554
539496372
127322369
6812359
16650332
13145686
2168095
116348610
71102315
64907255
572549772
555641
61892985
353483471
471826672
2954689
4585252
137336030
142766112
5495809
78867363
92718024
552380362
69552487
74816421
63179738
2323949
17453554
412519402
3157624
680114
143170106
2813982
99360002
97759778
145476754
69879261
76391447
400900882
70041281
91575218
76035371
66544598
64813835
817991
135373132
16211704
10209314
72856678
75886548
12645008
144547494
95583204
109517630
2603557
14930115
4603400
66644998
61642858
65120585
61226571
109874886
126683099
88419425
346098321
418346722
988986
117168460
7663136
7157476
518466662
67556948
68881836
78208939
72933977
900832
75947120
422201662
2803677
4672232
5088102
1107826
91903530
128631895
16411134
346723701
102949000
383543771
65097010
82133568
71645431
124197386
65410072
627388
106414580
774626
65452731
12374985
4803749
254391
130727756
14250000
3551318
83127258
3166518
125539712
7882269
122115924
7631760
138545997
17774450
122453160
2437885
371683361
72758890
105396316
65395524
80984392
70562299
3976599
69122698
1162029
109792558
935751
74659694
78282090
817995
475164192
119886214
5550357
38294071
5868709
1095843
13159201
130414782
58775241
90059425
91467564
459829462
66823974
480498392
263327
3146204
6065467
143171642
403995312
74248336
532077
7823691
66119024
11691225
118523086
86039919
679221
64920076
448068682
493100512
76575174
581354222
547114432
142986218
130415508
15962407
2670331
856484
49945861
92172002
429633022
71180722
133103942
77842663
105338812
4765597
33237571
385097451
88589313
4274592
127242917
110256520
983357
61458086
62376292
75970420
263360
689479
23892161
123503274
108222468
73707710
19446681
94415468
74281496
79592284
123640214
367441431
3151319
76019346
550670
64527964
65009300
4639630
132727704
9919591
397649792
144948488
12969546
903258
81532182
7395224
17608742
17135124
17232257
1110887
82173298
74808109
75886543
129642986
15953729
446552792
482912652
2156638
144389252
106932064
86877377
35794121
447942232
123357486
71131654
60980952
680104
135190344
78941875
404326182
102035745
10392035
82664634
99391842
7270094
142747160
44035201
109145542
73565704
14211504
70562302
15139791
5477458
61239653
64734097
311535
6322631
850087
7523456
2526823
136887766
62542087
91543378
82238174
4184647
81763038
78492089
108555464
886460
6907036
142334735
362795851
5657994
78304259
510082662
483558542
376470521
9956160
15118305
465635222
78768027
13683532
129610838
63094581
459546692
73135389
106128242
71519881
469923392
7560980
70386458
72756752
416055252
65299349
17582141
908983
366456321
98169664
4252471
628266122
68926161
449467712
35909271
111027342
1087372
380727181
4834217
66404487
71966847
107688326
121720246
61037316
539864252
370668071
434228342
605931
95940170
117299878
70226076
79976878
7310443
14631392
62664206
469425822
73634760
79764924
82264228
12169960
100598484
78389314
106256884
6907035
82729972
135411214
365783551
2155023
846328
10178911
119875506
101942865
1277774
93082272
7332937
55003861
106997288
80884844
6232844
949289
4943703
110151936
588701
92534314
381700611
79283107
140421781
60831461
429978202
118743582
80444418
77234383
66511081
1166560
601015
16176989
2651033
71131668
632447
520449432
118566832
6592573
9812696
2262247
2325248
67231606
98909336
38973311
3593568
13791133
79041530
89874941
94689334
33898291
379678501
75384191
10851298
68153261
98059560
532007
119816394
11133263
83971719
3037553
38441141
78696023
77457208
67933169
140344549
145060920
7905461
626592042
122213282
77234518
487043492
139076273
1165301
65335090
83033434
3122261
4120079
2754413
101807165
89844257
5974920
111027324
2954688
59127761
5674063
80874214
4162085
4575933
73696394
917981
17542811
83173892
75529259
61173016
63241698
56725601
77097294
68392450
535752
13165731
101144064
5645452
6472495
17099295
88903839
19444381
13483758
16204630
85750570
2281107
100052814
14636760
16976600
398364872
118190304
124736826
4134359
105786376
61239651
608758
81797184
378108071
144536904
682217
18240801
17735093
68070166
135452588
60137431
80870286
3141158
133204806
111780310
88721895
6121046
459487702
72314625
3612818
72081409
136869770
1015065
117100450
68171411
2651066
4194878
109999012
263342
414263442
68625600
9997018
8123843
27092551
106008174
574285
63893614
6533975
65706370
7430834
472710752
3388153
71699942
61135083
7270087
111360826
383171221
14456478
3116559
2994496
548699612
936925
96887046
61723058
1138633
103050398
6472496
964342
3121547
100334220
599043162
7438410
52474851
108117214
2604911
10245662
470205042
81075570
81656608
6819410
9938316
106920510
9808783
14525574
73064270
68936268
110310748
128631893
73203520
61644179
5786444
87172971
68953992
121219110
17603446
527894901
578808
17392824
36104291
96529786
532006
2628658
134862996
61723332
14196876
17605156
143793300
72714545
5979893
389971631
140800107
286565
545099342
77917053
109588688
127272011
884033
1049893
10193852
70322529
874628
1126603
34815281
365672691
84097475
12565421
101795725
62448700
3427309
79419031
14172440
956511
66415460
949282
15556213
69874097
143780748
137728425
2548870
464879972
16407916
28852771
565055
1137806
97978508
106095096
13785970
2241459
534725
3141581
3152579
99451472
470745192
69404415
386782391
12362970
863766
2450613
65938180
71397363
3671263
29367601
530231361
375689931
6446902
62376332
76394286
452716162
848320
608749332
14525572
467988082
52716141
127772509
510438712
361171651
4255591
92141160
74249002
4313998
75117382
5404529
428731652
13839056
9849814
5218221
80121634
446684802
60222371
5979297
104847438
380144771
7035328
4800067
78737163
358286331
76495953
28172161
67320308
66603960
5900381
105578158
568199852
5161808
27465061
14616076
80887164
69863371
483885662
680127
4763165
3090467
12233072
1182001
68152312
52880111
115024014
370626701
126243053
472025162
54340921
418732172
123372742
60763900
4244595
7006316
378259381
7408099
75571758
79274625
68919306
7868864
2162742
71499473
90182731
979272
12815718
89860885
370304431
1564348
102558108
73198661
105499622
582255
17610389
113366528
3110396
66028747
7653922
106135674
19446601
4519777
814034
3356797
38206341
110256480
488870902
5304876
399871122
69533953
118031278
81797188
84268195
532292442
60901415
65768234
384071171
89917813
61172897
76372701
579920552
980163
61308201
3159211
96981950
110955806
133949042
60904572
61017601
132199648
381431781
131010192
376970081
20191621
490744152
70566205
144792214
97463796
61250818
2954715
98388778
6945268
103806956
119498026
96844030
4162078
144544992
68788691
129632326
434626342
72544951
4735817
109705448
84118671
92178084
536715872
386463411
420879302
67238728
38290631
65009270
127673411
122447560
2993884
62294641
4305180
137678629
2295258
61915576
107541560
93638348
60906831
605943
88590609
8086130
62166941
405397802
75281549
553045292
4729230
70556364
16565390
3112842
84908535
35560601
107667732
446877872
86541433
3129588
61490580
96092440
84307307
5529522
64010481
106904402
582252
403082302
906597
451060672
395627872
364044921
90262831
3834129
68736581
906593
4198565
89597765
14144607
7768121
1102294
93384842
623838
27999671
52554631
1173622
6992608
78977084
105282950
1143347
60702970
100334232
60847163
10285145
70607217
13200806
706016
2531024
532005
636222
72795470
66315346
4217646
15556191
62639396
1165849
623698182
61469458
109701036
15489392
4946507
68925577
93117550
444855162
63104839
4187426
1115801
3834130
75458041
68763299
100598486
3669363
113989350
72191377
129869104
578378
12799705
343985581
7256259
2440227
135895286
86835387
548509
70114344
134533250
16705461
145437154
7155433
1107677
4097303
72348496
936879
73217387
87397473
60906838
3445820
124254862
4218553
61308203
793753
568883742
9811220
2168886
364962
460184332
661228
70051871
16412330
906595
70553168
72521604
355425301
6107261
15586313
67248576
11236931
56894491
7624170
7625144
611209452
102812456
7442363
38934631
574823082
376487701
538086722
70727393
89389235
811834
946479
76376880
91181249
122234410
131242308
89393765
92598462
89201209
101505028
10444980
75072793
61187662
2702363
80678812
35088541
507773932
476331352
23582321
3135721
78177002
397344532
13275700
63413258
76892205
75072248
103051094
101047546
72343516
109703216
114328190
14464641
105882220
83059300
440561352
71689538
13476643
118173936
565054
60831518
452696192
1969941
7179977
13499082
1190329
377979751
376193181
65004027
435821802
13562792
7764687
23899141
312121
142986204
62424935
566589802
6641744
118680812
418568882
87556221
462844222
3599714
77915165
438868522
68009052
376480951
60972394
73594516
74432006
76376872
538540612
103740550
61081199
4302117
135067262
128631891
575895892
131566140
112012256
8176764
72081401
3077080
71645388
7711483
61723212
2547246
2310801
76376855
120989056
110994030
132123626
621215622
63510361
124996696
680293
14477828
77724940
2423908
552369
105183094
85963063
90354599
6169878
110150382
413265142
129314014
88151263
13816436
360541551
77379817
611346
68528870
17582901
105178712
1738879
610914
2485121
124550860
70334156
88995553
966980
471973852
370498581
15540460
35095391
71328629
70079965
66465556
573942602
491446942
145280116
4217498
84669145
393460732
67417020
553804
1446821
3109333
424463472
61915575
66554899
97009634
101615319
99677450
90214739
68765125
132081122
1119256
3709961
432909622
101782995
84928273
13130983
79156373
492428982
61043340
13783449
100115954
60831393
61033259
129121520
71137164
8011852
76258101
410900152
387426421
4124050
1112055
89602309
23887071
75502842
103388216
606659
139138623
125513632
113414662
4124631
5490699
4095119
7310527
39940921
373832931
428978212
13083547
15586246
140930877
15397327
124069416
101795727
6647017
64814888
122438728
118557502
7283137
67294770
12566346
3146785
482172262
12169962
571216722
103723064
78115068
7704004
716477
2480885
24778071
99466768
93320420
77897303
17698107
3119126
4078970
72221964
3163219
136235484
131045896
13149673
3002364
399084092
66481397
12334312
90823159
3742856
6057172
11272963
14068710
100031896
78016466
541994
71762931
2604907
78106684
107471422
878454
136038596
15457312
77325365
1111736
105353316
477989942
10285015
88629063
5416377
347803571
1178331
254954
517884
104545682
735670
96646386
65395527
68442677
881980
10699192
88872937
122078048
101243568
81609384
115821758
2994489
1043576
92739406
5497136
71668226
75345469
90250613
570371672
423029602
519840622
615947
83059238
61392127
5189332
627322
11567137
530561
42187651
137259058
75526543
414650452
10199093
77834704
145426016
139871053
35394731
7706008
108659304
96507494
565599902
87461347
43340191
76686226
373446761
78213877
13641701
3257867
291992
113989352
6776087
13394792
143712012
82164194
419144162
76649472
2947047
61260192
5088096
142499193
1334599
117581954
17199905
516225412
69969034
4225670
78213530
124220652
134569621
144385566
1951629
7347092
359414261
70386433
1247225
9812727
104511874
422522962
129632604
5223908
27018511
2516603
31137301
61638765
569166572
68985237
100464702
75244197
17449226
104696056
96804702
125606538
9489798
84573297
66544544
76734221
61698464
109178544
2796446
80121650
69295390
135997890
958982
16190641
10290166
93320392
108150050
32142341
14615941
66720427
3361453
99374314
313638
4673406
105644458
395141732
460407182
5958672
132560802
7677766
65232770
449023032
102400506
3138820
33993921
90318203
8164642
2184278
409962022
84694369
144572632
519797812
116348600
76714937
3135725
6658617
371522301
89076345
61638812
64681375
69105781
579496662
13625080
381431811
81768114
3103847
553122012
369498061
17944088
1149832
93806528
7164461
7439946
3087475
75670538
3333036
111665352
3058914
106105224
120536274
100248084
452767722
57727731
69714491
140248653
72788162
6297562
708054
15078236
9434333
120332830
404161962
376333681
102599892
66190258
64903920
2545077
62165235
86373497
366453961
6692116
497454242
137787351
84668849
962173
619083552
425840942
1173723
381143031
60773821
61515194
66386783
7375557
68390537
14465672
66283077
106807216
15397325
12335579
16341244
393894232
58385921
17446192
582418
911682
94664184
17446015
385031141
3157688
483566382
75867423
137202284
541410
78737162
7794029
374282981
2954712
14171526
87991495
92428710
556903552
671173
91222488
143829248
66342544
110131580
347363291
2185416
517645272
76376863
422214512
124995632
137912001
404618292
905711
100572368
61005533
17608616
672770
3135027
13025865
7556949
6177423
1080875
3129413
76405431
68437773
88834137
61642405
1134377
72371355
121720212
3158288
3128917
124220522
2658555
25576481
62351298
16711144
132136802
92719900
3366433
1738869
7957517
547674
141826067
925829
92739388
104668922
3643263
2533869
286577
4274038
20296901
2500622
69159385
69924718
134816062
62639386
61312401
117686790
6467796
88252825
575216332
100068966
7706001
7408753
134177176
6722114
135026562
90533119
387168781
79940632
3755614
2918838
37217271
72098144
75779617
2890627
85463808
533617992
13466920
114065290
5317037
74351127
76376882
7928085
82741414
775054
87173657
4253016
3756353
5231877
85908273
72047893
67488100
994491
63576904
4197797
65296282
70082986
6443767
73616508
107541564
6588200
3164214
573630762
240854
76579965
65128287
452785422
117619726
417325772
39404971
457086912
96931362
309175
81039612
113524342
74494734
3155488
2547180
5812770
69548763
62376345
1583370
3851861
104936032
141941901
70094154
15636887
100004590
69255024
76066730
84920687
61706674
7674975
130851244
6533989
62146450
95057442
14418029
850490
866181
2310082
831348
12900842
4274598
1165173
70045245
471581512
71654063
8083085
599309
13160838
70904018
3072015
14954267
427556342
457436642
4468146
86405195
451449992
71668243
61519765
4300243
89050347
141955857
145052112
14113667
4123638
73707725
64449166
60906180
14835140
1030325
346043071
133099032
141284779
126901459
79258261
118986142
61142290
89860895
105278282
94877948
604533
72656349
74672922
428253152
482990352
80678348
53282131
552422
105355278
78219844
16407912
89063819
140128059
77030935
139480007
3545464
591992232
356498051
3601752
437979102
357173301
547882482
3002365
135373118
89388973
126578753
533609392
132634794
20725421
5223918
123784358
15430612
17479531
454292772
65573443
443844412
82751104
103446218
141826655
72521073
144735090
144211542
603418
364957381
65395522
15093566
66601695
17099312
66380591
76892106
459434192
29794781
14099367
11747925
75957988
120359056
349754321
89184821
78367818
112721800
130887622
83890447
70834440
75955393
91987448
25845751
78176574
103119224
143157064
3977905
142335899
107606386
3129547
4619462
20723591
61388190
14592456
128416291
453014142
108677476
68171603
112889810
213539
3354129
108750254
384076411
3124572
72793839
686620
69107548
100816604
7663134
77676447
351176391
407141682
3102197
104233800
553807
532349
16161818
13695893
78525389
41279311
2270631
124603720
85111464
3169173
120128350
71099138
1187102
75747982
85734130
62856134
3002376
903077
100908116
365123581
64305009
130118535
68070163
113059798
2457786
97937986
71433473
137435384
136332400
440495202
106301570
7004040
11747913
97330642
105011242
400190542
113775336
101742167
433394132
6636947
125188334
1028344
4232307
102360956
85942927
552425
364775471
61686264
106881402
118187946
396246622
1718748
89844261
4168641
63023258
894804
143052958
72795477
88673393
62937869
102656738
112694032
10389257
555366
14068707
858207
110148952
7148760
404588272
87669883
78933246
14066361
26207621
71407123
61239658
13832987
62848909
10811039
405573832
143052410
78711549
452933162
82743060
18227779
80648920
91046875
7314582
62028699
3870624
6588199
471371872
61723664
841006
7562926
111612750
101619875
405311512
14525573
536654532
9489806
71067960
3072100
129632308
123132322
2133626
438817782
11210418
79134435
100814034
74594325
139877297
98247374
74672946
67503793
134029112
134177182
42876531
72104577
127407069
72569054
11616260
113366532
72059802
883648
3164460
13832601
986429
102339672
885967
61915597
6626185
2149886
80786996
1184294
60200361
52716171
5754244
2954714
142986216
410092352
406296182
2183626
135055936
2454037
82410872
62351299
690032
10494829
4209621
6834687
131344234
121329270
435821932
78710108
7561780
740354
13982563
2321655
10242719
106831178
85495782
121720216
68895603
12573027
124434790
109702890
342733531
428735782
52880041
876631
141624409
119628968
99214048
569715162
2470133
10178913
403745312
5976170
12000509
115709208
63263942
77918559
65614483
353140681
2121805
2426752
144389058
4185748
74427071
352061171
74736779
46237161
16019418
3432738
128114265
76540147
6611855
4220304
265142
79589184
408560282
17546441
70697359
4253428
79975768
125969411
103647358
15586286
2299660
389201411
561836
63263968
76106069
141824901
11282929
100786838
705405
77842660
12343176
13833001
3140064
3011813
68973385
82025186
13132580
552843
375345611
104935998
5191889
73669273
3117822
61094295
3104484
46227491
7773014
383495651
15049127
136869720
5900401
351553511
103870122
686807
994493
604502002
106851854
74098868
1131133
2138669
4827988
93653540
10127460
4709944
414354612
984875
1103927
110163688
70540905
14175534
7624158
5125709
484089882
110044972
134945960
13839767
389342051
129632312
68070190
3046203
13833002
125909441
452716732
135058832
362777221
78956397
84864447
454666472
3582295
70801203
124996690
417773062
100780048
77627857
104001118
77409198
436547442
125599920
527897041
74823822
17610393
91045659
64672386
15512644
14532189
7270278
10245003
384767561
683846
71298794
415492702
532074
15556193
4253019
76437410
723843
410092592
109273394
4657553
81960098
12684747
141265383
304832
68265035
61223372
381132461
83837264
12185297
12785828
14068713
144536614
2183171
414838212
123246098
5900335
77855405
1946957
100780050
4631883
121219132
99550092
425662492
451646532
591277262
353577391
17417612
76231999
17199958
13111371
143782398
80617740
428966662
4764224
10237163
385074601
134951404
109797158
142704140
6288924
12441120
365851701
949297
2574993
129480208
86317411
79592232
424530992
7555558
94107904
61723293
61434866
663269
141942845
913690
86453925
3141579
923921
135067260
17608005
405503712
7256265
76036787
6765847
39544531
106013578
106216412
144417098
72576341
78287693
88485949
130008322
10273860
7310437
61685629
89845055
109291510
2823984
135687204
98383552
88877655
546013122
4151914
1041429
12713948
992292
557093
721943
130941246
67398808
97780004
70386499
77380167
16339564
16139849
74603102
7812631
119956810
61718360
100513964
3831939
1585681
610398512
373938421
13791930
14932632
66644991
135243028
391182622
79082064
401097482
534574
12619469
80260024
34193031
117372322
62639382
8128869
390514761
1579277
5161816
2520269
8146779
15593572
443320582
400837582
92614048
83806344
99469532
97756990
69222038
552398
70484631
90409443
69924599
5867874
107619632
16494171
143035384
110962454
58390561
76376861
68535006
18232117
412782762
6026499
119933600
401791162
5427609
14239888
77325376
83943985
14104638
140989759
94547898
76906762
69214613
4598371
76057652
489063932
4288219
74703476
1030219
61721869
60973279
534462
576436
1098069
54916961
13840414
12724807
31057981
104557044
1563536
76391450
7754536
140883491
62882810
3151534
86970793
5094636
495830602
1123885
136446228
117301600
13483751
62956817
18061976
69501028
17360737
13034338
139872697
140689807
17588289
490102922
46712061
14598352
7117058
3125980
86454215
107731750
11271984
73416316
987004
5428263
2480949
4097349
72127835
71606976
4468054
502746922
543892482
411314192
133661812
60977514
137259204
122927584
727951
380030731
68945630
11918605
7283124
7923965
540428
78530535
101151578
99466510
365108
62570043
6463856
887624
119967906
1142340
85963075
524414012
942036
14094533
65018833
393003352
7035329
103284552
133579138
4253419
134033922
98009134
6513456
17607572
65395546
496428212
105757076
97157490
13463562
95567240
90837797
78129627
6596832
131818038
62752127
110549638
9938318
365750391
373970241
1151142
14405186
142760602
77846463
145521030
396552882
4520095
131980074
76430188
2396507
13132577
60818292
123494358
3785085
529678081
3261152
142334565
75867073
12164065
10286960
2796827
68936276
132614086
6322629
1153563
968800
77665386
402131232
123801688
15543665
493108512
66675153
114107970
6512375
62028316
12347246
14763490
10496289
3167843
898424
13832972
3731097
80984314
2793681
7853831
6430550
286567
499999232
62820707
67238732
88685461
118284066
71712225
80267496
135872760
65607156
6657438
114779018
549910582
69552393
3056960
3136392
96770628
76558490
78620316
61681652
8079553
75955619
24947941
63304099
3154671
58786581
60831491
70051867
2794603
109302174
137850343
4304158
69505555
139872049
70697362
124286136
72367740
35642481
15455601
62293726
4739108
10202477
3151230
953605
4710350
13103121
359210981
73219903
5747921
503999852
6558026
70386463
28774851
82751238
79567446
84132219
3843591
5104476
121178776
357738301
68943068
70556365
4773176
60088841
88252935
4659972
676840
63046477
145494246
363366081
137726957
4709948
102599894
2970031
64672316
17099722
387287601
129309492
4369738
395664742
3129542
61676338
13138698
89882667
3002366
4773182
90197037
78739015
67041051
4097356
140852815
1145934
65020530
532008
130273118
102588836
72060057
134294748
21778071
68530332
3039828
3136505
15778289
62680835
16028106
13162840
392987082
113516122
7270088
83840928
62738627
132638470
351919931
104749768
81072100
14616582
7332936
2466262
69138762
420295222
4125923
14500375
10206306
91874208
121448104
66190265
4209685
5018265
17248767
89078657
63017513
4007318
94231392
4309449
144535428
16028126
4302194
88092825
100084050
91936286
6705635
120306396
118659680
70640827
117429526
79964472
92598460
71078033
66554890
2994491
679225
372124351
62083051
61376645
71966546
7868648
78546304
14196895
17594631
590823842
680153
685168
61915571
75070408
112662364
137728429
395724062
5220486
83361152
66898516
75670537
1008557
88329633
76662438
76253017
90326371
13145604
122504364
64074656
78108686
68243306
66887909
107232160
13160828
78987451
9996281
346571551
410210622
63155641
68094209
2603777
2185679
107742762
3088069
61723291
60768672
629899842
438238872
61677810
68748928
560695482
118951078
809584
106510370
57089651
73945804
38775471
2182450
950377
2788570
139470659
62664234
70506383
6297552
134026184
101648719
519460792
71110193
118604306
463194572
2275918
94330420
124813270
77861172
131980072
5495748
65593122
3033950
490680972
14794069
117726864
2802085
6558029
100479474
241034
136029258
2527509
504199232
78304477
69743460
17135121
531213331
70386502
68926928
105011264
77349227
68953993
2930414
73493457
65452711
7830346
497160082
351890441
77613392
83893753
107724712
127246769
105977954
88642071
96402856
74461790
434071882
23887781
17607033
1073437
55710711
107682650
2055510
437569602
62548480
543894102
363834781
532073
101144062
6907361
17543401
363399321
95884310
91631108
4369739
576370752
3107362
16019424
2261953
904784
75980556
81386346
530509
69335801
2480954
621375402
295137
366453971
68305918
65395552
585868852
12745196
14048284
1165703
7818900
5743502
74512468
366449511
786858
376452021
67563952
95923162
11270302
13442573
62847151
69552417
23913471
2295357
689564
98631258
62894188
116994412
76277926
94755868
2218600
72933183
74904931
1277771
107318362
3120266
103033420
105555590
94745958
76985015
6992611
116961878
89599769
106401886
100831544
140683099
109713400
33876721
77380171
5837599
142355487
16204632
105610394
416242232
105500384
60785685
424353672
120817818
10201930
15044836
1111794
4588198
15929310
67753862
1161017
80597830
5662806
4217753
68606985
1049065
15455606
136386656
533163492
76677960
73715925
366456391
6915320
7555634
98108344
134952166
69424242
3088908
601389
66786204
133204794
72557824
350027741
62673740
125816473
38776761
10100698
4463665
11842186
75325760
294449
68514099
5475067
2970054
3158271
91935616
422283352
71542371
115821124
68175977
397544852
73707684
527170011
366297231
2867210
304844
419425632
89882663
1118311
71668223
7239014
14405224
17135110
619018862
2733680
89067603
353339671
61723249
105118460
90780423
509355462
414585482
95930614
89077575
87505203
61784899
81001892
435821682
2498011
4274056
1221719
97971916
132543462
5936379
3155763
102351900
4253525
4761589
141828363
75929918
93308006
71110253
353210171
8066403
98619198
1048702
563312412
17199960
118195246
2954701
122832852
90217861
556305
16664516
142193361
142124209
123607620
382428801
463377032
71999719
11787290
61085536
4253555
64402469
1163763
134033198
4123421
86305423
2547181
143172408
92491440
396292062
15583799
13111376
77649008
397764942
95966240
1369779
6101295
7303270
69819441
114622734
3158714
72273832
1114741
69136617
4709953
7624162
61637483
17967246
144544762
7978344
429944892
82418390
136806252
66533402
455564382
979041
64680501
1143264
3842081
67356635
65098690
63303661
61998527
988423
72194071
76395835
10284847
1567840
4395725
105011274
63023256
105563198
79234765
793761
74702027
95334022
3165194
663308
2900096
541880
1095872
543882102
451656542
93843744
74173002
75980563
89797181
555639262
435174732
135203384
137727683
7512066
78213567
72273833
13129746
71137151
626419
294450
10197466
3131840
69285850
3958018
12000581
4125772
7045617
1085843
699724
6337839
437979112
115784488
62083053
662101
3104498
4954356
627287
705869
69249408
62351284
12815703
83837260
83124206
625643
61037315
135417092
10701978
465748292
13792619
17599155
137139868
16652782
2149986
102345150
7408112
15512632
76489790
1108444
81871178
662119
37712741
969252
17017155
84589835
552254
566197
3141621
82330762
459895842
15408614
144806576
133557356
7423326
128421145
126907395
128098697
4765749
978534
594336582
17608100
909639
115152200
16072923
110657004
676066
13141454
3237417
61419159
101656499
140345977
3220719
62166932
346434721
16295520
2425807
452740462
1176589
73517675
3428967
921039
115234308
352263841
94958022
7330099
501368452
4585482
68766809
80840198
66248035
355414421
73812101
69713013
565490
61723633
144668716
2187350
906864
953675
3731273
106459486
2525870
66537982
769954
43271661
66645011
108756458
125970403
4709937
129311372
134948406
29183901
20725341
397482712
7736794
7706007
552404
70562298
96764520
70207612
142433061
9809714
87515941
68515137
94664180
83839494
127121975
3957722
13025822
104958352
402869372
132036634
381525301
69287670
91040503
551404632
6672772
87005793
4274594
883651
3130736
446948752
11390027
69439294
79534698
124220524
346062171
60890286
78213599
144202942
365936851
122927594
2776817
382987451
74548879
75524922
732258
415312672
111027362
75716617
16295528
91935682
393662892
75063691
7155408
117413358
361113771
60900816
5783266
66455655
66374227
7164536
68442505
139785365
10347338
5704470
769030
125971155
103051050
17735099
14154773
12566356
145426928
365914401
136765924
76881427
84625747
524666452
953674
69122686
99472150
509161022
61915574
14515463
87172715
10299406
72051525
883072
12636024
440137862
143867012
13249519
66644988
411830052
94107902
64346863
145501426
22430101
6823892
895383
2423898
106025994
88951133
3099820
3851832
509002052
129287494
700383
120674224
15640851
97788008
34180161
7005215
131653784
18076284
72059773
4244291
119782044
67714991
117878314
15593561
12566352
12207223
1042543
16164695
15139793
587058
1174599
538257
89585261
1087190
17786524
6426472
112929596
75277329
46233171
346619951
386071471
53754751
28937451
99199130
54790581
919217
77897306
70540908
64514281
428540342
14575268
137725405
4123014
373362011
11540973
3095118
65452725
74691521
143040660
6881746
65441972
95724290
84564987
103051082
137743619
105929126
65395550
122885994
70079956
94978600
12815700
61723285
64745614
83134712
6048616
105154668
127827777
560320
132271762
92089180
13836082
124220624
432523672
382428781
68385048
16607993
65768160
80706408
3135696
141266525
95570644
10308117
62119017
64896738
354173641
15050452
507394602
7554959
541403
16705459
102529864
75526540
609390
985230
4077573
4878544
69220705
79537944
142520349
84836389
453543012
520260022
4520162
130418118
2794598
541886
723893
15556194
124701802
3432590
7760348
522640282
13040253
4634260
415238492
92720006
100479132
80805778
67873528
2606173
81169736
70388955
76391456
75739866
7043931
20725441
513528082
67932244
2244723
27092561
1077141
66539032
15597946
534730
99027168
44231001
14598355
2440668
387526521
558836
137818921
498703412
402825742
76520778
596288072
362795861
54519761
884038
2244678
69686461
16295505
15639665
61104216
430190752
74515895
12270394
12603205
6904555
445997982
89077559
3317671
15631060
1579265
3973493
3110852
14279013
135373512
3313753
464345952
4619471
1724768
2890847
72550676
2157280
86405175
5184839
70335406
86340221
67239342
2119558
88115149
92614822
90807799
2954677
12804089
82279478
133134750
585343
136407922
77837838
67446669
77410136
142342961
888834
740677
13275701
3366218
92734436
349788751
95556684
13470741
119060240
135452138
60137451
223126
511435802
985208
2149895
406719172
84694353
84745525
60741779
397348692
83059124
2723008
4463636
73443662
116525616
680371
85830929
4195715
586406
23887651
13191327
88152579
444887352
13275688
397729422
113876568
453844292
8113520
70099213
78016842
41494181
86453923
4188669
84574199
80223674
5621409
106459482
134736894
4518531
62847156
453079572
2961309
417353762
131340458
118424912
3613215
617782242
101022014
100932732
15139770
427935102
7856555
131781448
118531838
69666603
99716920
15489383
62605724
101925161
67398815
20943651
122439642
583108172
63454990
57852141
65396709
7270080
77483407
145392246
52519151
112889768
7442366
117483732
130892596
2283173
393705402
15179215
5094068
397946902
10470906
5125708
1036586
3748189
98087618
76445129
816701
60831484
93992576
13437958
75254256
117349368
972355
88379877
138743011
46435771
111052058
102873480
5545299
3658613
137197798
11467112
16341305
128631903
77617755
107402684
4111342
615655
4157313
110230842
408921372
60904704
14628732
69548757
465919892
78383429
14500246
2525864
18211596
67394402
75972948
62664224
62290949
569217
85486600
584251342
67127136
13651559
82418392
477106942
135373112
597480
936909
908572
91707784
263351
16401970
65392172
117348276
6823879
49582491
630701
5638767
680111
16295522
86559431
424460922
7512062
15489385
2167524
6599839
5146812
134803202
3101958
137261764
34463921
9867554
67082965
7703229
76303636
116485568
15209461
129632334
3203333
1154202
70581564
121214220
502733382
2126426
97383338
4225239
89188019
72714554
122701266
107541562
89904011
14196879
67534376
101082054
91663788
136342808
1137796
89154383
103647920
91542576
136333214
353991931
386092781
1005869
3355948
935442
143183428
110967738
14637415
70717156
67934939
72528494
142986200
145476734
5752358
554315042
7555663
90102485
78303613
133204800
365103691
110657006
5596386
1172398
2186146
427219202
115765102
2234287
61543375
483338222
25682081
100004604
38250081
38052071
439671272
132265704
7429842
13625101
3138691
6583365
80298238
76734219
4072627
118581226
525760122
755760
680118
352061011
63534315
70078874
4622957
91359016
6789683
95457572
128337363
12648119
61249505
132748680
394642802
3129406
1131192
15421993
78487110
103515164
72160317
424727452
71056992
78742576
4519901
88936857
4468690
101344418
4217743
808263
6657435
5093604
429203582
555755
13544748
90306953
466588382
76514603
12159151
937245
13808741
869086
6823876
61692426
72127834
6765419
925118
2315480
70640486
142223165
519068192
1738985
88746605
6154098
104481018
73456975
3130428
543528772
4762943
7779515
137233982
68243308
396086072
102664888
58782251
3981215
6010759
7298082
441075072
69879249
434982362
141827619
86879839
18205206
57255661
1724721
77856781
14737952
101186764
3667551
403907332
71699939
106926474
119126204
65720750
1369751
30793871
4244854
884025
126433689
570835872
7667264
463503442
3151232
12504417
412507712
77401665
67512401
548311
68075341
1017138
452768352
62847163
6295894
663569
136341756
86388443
997766
1965511
415238422
12209331
135372064
434275362
121878124
437501652
4519899
4520995
65768144
123845274
443276892
79476052
7146297
141359285
14615940
16090939
4109206
58385931
70430499
58071441
12493507
8400817
66871845
116921934
14299596
126846189
136029256
104511876
10282636
555274642
17612883
102795282
3075133
89824075
27016531
409498002
134012984
15547300
132635826
92818800
100334216
66650373
598218
1240325
670925
98086362
122440564
2158383
357245301
90102481
407499012
6636946
77691226
427553162
130425882
106257266
71898435
562143172
71056765
96822874
108752662
353173061
978916
98796060
13394787
61376593
381107821
971342
11671495
68606795
3957950
81292450
3023296
13275692
110577408
141827559
58723321
1108304
132831452
14500217
99554798
65232776
3393923
140859367
122436020
98715752
1392258
98549320
82060210
127461911
1136200
632283
910210
72404080
3158286
449609132
5404441
833391
141617003
71645433
118147072
3002361
61639580
11272703
366757211
4194903
113349420
3111896
1087366
61260123
81201768
2194974
375660351
15929304
11597943
80559026
132821252
1579491
13291255
114788432
84721923
384076451
5704671
410415552
3471322
1392251
9489805
909346
13130292
71788159
6521119
32891601
93219076
2309090
71590748
523465642
553056602
138738413
71294471
104936008
3147928
113095910
97226410
2304481
69007649
430494752
436186422
126412101
98769756
4042941
445239222
78933244
60847286
608756
60774715
364957481
141939545
601889
630287
141937155
69537930
7145717
97962842
3100604
6431207
12790053
3089535
38290601
116899962
71712236
12302884
5628943
103102520
61057254
13215835
759543
69779535
65644538
39404911
14959854
1030221
136623198
107980710
13632085
3154603
7145803
566950012
958747
75570733
94635148
72666847
106397688
359931781
70172360
134279760
12566349
456379902
72067709
358920101
67954061
69808355
97269476
8035834
3169166
118188256
886459
15379253
12565427
463272202
138235793
2963337
17135090
349676331
83385610
2430338
79296421
71668217
137259178
108075570
439324612
783956
71999722
58069911
457007072
71038286
541844
67538053
112012248
39544461
137728125
312141
420364332
135376878
71549405
5161680
368385241
82184336
563935
94354582
690101
87669871
4123275
92164596
75717118
61638787
70674388
144837934
432245062
347727071
77901654
134034828
7365621
578078
85330586
3128255
23892041
100646826
90619525
111027350
74778610
2543991
61299332
82741428
120737372
131332466
130967452
66034710
387940441
74494134
3748162
548260
106474582
67655999
14525085
882290
7609573
90415413
132041656
70727349
90250635
3835675
365155
129252744
562886212
77647849
398649632
14519025
62072075
3731272
118995008
104654902
20725431
137008592
2124976
132629450
4618977
2423903
7321711
3100807
13832474
439701272
413550372
5973040
142749078
60813989
62139298
134533220
4118793
5367498
94340896
61005366
106313576
70602531
77375840
19271811
4080920
65145877
79476056
79967476
5869370
499988812
4292257
5987348
36700601
70216972
124996700
75244198
2460060
1176574
62376291
61723217
552403
39056731
376480891
77842656
61308200
77898234
366850091
4766973
95354766
80092816
115702818
141240445
563922
7653825
521589282
5657989
103050472
4657483
66296166
138129103
450365092
3997219
1080639
452891832
399837442
13975779
99198748
3923661
139632377
525996902
90697385
136332366
6463558
67911717
45594361
534778
361402961
2776843
87132601
14464645
86016227
23905991
438868572
72924418
84837683
131341850
16150167
133196026
905690
14598347
532944592
81551810
14180450
470644982
12452085
130950346
4253391
105334780
16072922
132635816
723887
83065710
365103701
6770992
7512064
65404130
76306707
14616036
68486213
86660269
15781392
3256027
4760900
4636893
128546625
3011586
7117042
4603397
63299120
13654327
11390029
7285086
552383
140485427
79185305
68854195
414907222
17199911
60256271
79022610
76430158
68120934
15391618
128023213
708005
1576243
2881510
86616419
3978859
66983036
115709066
100597144
1109198
128100049
79314551
124220544
910216
127248345
131781454
939862
3164090
16339562
4195720
877521
101942821
131217910
60388661
14031424
66415468
144464144
89845473
2947202
126371341
120307594
451825062
54618551
82440224
77725038
10686673
61142291
72545562
71624766
4217746
43837611
2438259
626503
75955403
131611536
365416541
7624172
61376647
71594264
144091426
3157513
110908332
65395526
105334786
62119016
13139151
585659852
113420706
983260
78304463
2133998
