3135287
16331689
125499480
14343282
660754
3155354
5169810
13839794
90248139
111895302
69136290
1182053
11510817
134336162
71903707
70697536
106218088
64699113
138779447
371625811
135555950
140339627
2310085
87378337
106746752
120766084
10235995
23402981
4289176
62376288
77030935
7282591
420862012
143401584
68452589
93029240
14629000
70322132
75827311
135835808
379609971
121254876
413413872
16335464
68075512
79054465
680648
75871067
1090084
77468106
84694349
72370932
131998458
14647478
410045032
103249416
14630393
377145571
537726532
9938661
394886412
743689
76686869
360750601
431649352
89824825
66318860
1119020
557634
13167075
350720621
2577952
6586826
953278
560112622
118184426
93525928
95619750
3969535
877407
918048
574741
144572232
1563536
873296
2496730
408767532
61424388
5786006
410109552
107688916
414198442
438359142
138546011
61005809
459977242
106746764
67503794
3129785
10446169
14932045
510809222
3164670
293192
66960113
422202592
7600180
384667451
4207595
495875862
14954128
370962431
987553
84668451
78016628
61639912
71645439
56725621
366068721
373440781
14876844
421176752
2793756
92719902
62680833
67239288
81309628
142375213
6720549
136283586
350035651
61700778
13793054
98485036
7667057
360302011
747231
1140665
410107142
354067221
75297344
435175452
134110232
3157463
71512437
107338452
13471100
118585010
365371901
579934782
994496
415561492
78069048
118731456
6648191
387278741
635647
120001912
61442923
101087562
119437870
17347979
4563484
1113002
85381880
555749
92722988
374339871
67511669
85951207
616416
447641762
27683401
3152800
2930740
99332222
3599383
417767122
81364088
14738292
70624664
3499310
76214374
358658271
388958021
92213464
4668437
60774734
502108732
92210382
6697440
90728681
450926262
69001860
1334779
105865974
432212762
2300179
5404536
365701921
2114570
114065290
88328669
2630343
135373102
419132682
7164311
134524044
3129431
87186229
2686266
492366922
892928
503084842
1436163
71323824
491340442
7681465
114119050
72759956
392153872
68446354
422201652
472898492
109701552
70009150
40483211
30350711
575061392
725254
61999252
286183
17881354
3287768
65212064
70196430
525063662
3905636
4087126
448779722
140634277
13159670
994636
450906322
415561372
579900362
3528853
15986025
368495281
16569071
6969769
136216136
69743415
124262672
114802820
523332
7667067
2851822
442312182
136710424
552386
8146779
123119324
107742762
916829
958976
7011719
412543032
460476062
778429
431467612
3928642
917233
2270632
3275349
629574
412067282
14825469
90769663
119056470
130414902
1125081
61573280
64784697
725274
66839180
116655862
429292002
18205230
71078417
358684501
36004671
126029113
412628592
480183102
82440224
78538602
3167611
66553426
2114514
1182050
72004951
351537711
4895398
140870983
409751822
68628123
5495627
5975543
17258746
3886179
72521506
384171431
68648494
131605168
75541072
88007489
356673641
133190016
1025921
356829771
7408110
11897620
893027
2184624
38432461
16108222
785344
486189202
84668849
506916952
125983795
993633
401788522
350019281
431375542
17258766
66190261
144388354
573387
3232329
2640448
131737554
85893501
68305918
945217
14880622
375627471
611510
664444
956507
349710291
78369389
14164423
922001
604054272
102429064
403064182
72327966
144944460
66724901
138546817
144940636
76543389
832787
93525924
413413912
89760595
70833746
454265882
1601661
72151869
470137032
360301971
137796615
8317023
66589666
6600680
92720038
2412065
12901206
4585689
559788
1170312
429665312
119126240
5404427
68070181
3092826
7562978
104011160
366441431
117726084
109576268
109703512
12655860
109704460
486928932
116440558
114138690
562758212
70322142
126844203
72547070
120036840
