69779536
69734951
38019911
16150099
142706538
16501728
126848547
128458659
9489784
910074
67354825
1079668
127539479
375727871
600629
5644736
71645437
88969467
85202734
948047
907714
470287772
133135258
916445
74457141
70697364
3104486
70640498
1137237
678465
72427143
140889759
66786199
17347967
910210
117513852
2480949
114396428
130414940
89067595
936899
705770
13111370
99756342
530917961
139216535
72167621
1015862
103365090
66937240
16010344
112662368
2282841
4253547
62847146
598731
67238732
3787855
66683698
64300419
3765804
4194891
502746922
99976952
96818170
2124051
2312047
4315310
1173622
89067555
917717
134044288
89570667
92720046
71836457
4193815
11732038
64920072
884025
95254412
75454947
69754854
124433692
431492032
71348771
982678
136127850
61638569
3072020
11234004
131743158
2184465
2101574
84791837
4288159
102335740
79875054
75876890
63510361
93477522
98320712
13141229
2263033
3095889
142770614
13430917
3107395
66266874
9997018
1022290
124606176
90250631
60200391
98674398
75502844
128706823
65735114
126368273
2994504
845630
72314625
8086130
134948420
133203840
76494244
140869461
3155977
17099643
78755569
664107
14993990
76292212
114395862
