369397911
5454980
3122974
123607618
90428591
17811021
71886494
534574
116485566
78951583
732907
77913401
99625806
125288670
4468054
1121618
14574291
117664520
368584901
121685736
69335801
128182005
594992432
576740912
13132399
79598884
103984618
76101968
124239038
439484882
78321315
61692426
511062522
100785110
3210572
95435488
60752236
500631082
7578728
127374429
424727452
485628042
18091659
83235568
2925107
70078100
7291252
6907036
80206410
100068966
6745596
16418222
566207
351176391
70422968
60784398
2417396
539465292
85734130
569200582
72840677
6180078
115416828
85484810
14175534
5404606
2509817
2125122
76405431
551853412
72717414
599964852
15593563
90214703
75063691
119291064
68765122
7321711
396593792
78304442
71668226
414880962
72332237
12565424
5545299
139872789
689509
122539400
7978344
535487132
77483775
17690837
95245802
129311554
145052236
429903482
2187335
82025260
103306138
14893479
136272460
8086843
3616627
355955421
70640867
113516122
65930773
32936091
1221719
62126185
67155298
103284552
92871184
901074
12345247
90408869
141340373
2813982
906577
506372052
3912152
132634792
3845626
387610661
134881860
532968192
1141631
4710350
89239759
2430327
130602214
69000471
137238472
373297871
105359878
5065375
5679611
145068166
10446565
577804442
114395830
67446407
5275616
103051040
135385808
2954689
132635814
7624179
39407231
566975142
357173301
80003206
370682651
8656462
70899931
129703894
64848675
91934732
135791846
957318
2929370
80870286
67876811
362577211
686786
689481
468407512
690032
120989056
13689278
552772662
2322228
25640421
122358014
7270236
949462
102242728
2289811
13144433
67043106
131869054
66027696
547577922
61490580
71762927
6943127
13464245
270153
71036106
140634489
27099151
416199812
61424046
100338178
95966370
393662892
14405200
6945268
77235395
74693581
907753
68849301
94535892
142349167
398428062
77994741
62067423
14573151
532547
371960541
140285695
42876501
535479592
71892517
391369572
70128385
99348010
370682791
15962407
419910692
368882211
61046485
17099646
137991707
124239024
4123072
7936629
905690
7164536
611757372
1179383
103052884
30516961
910851
98890726
61721047
112893956
377261671
141453073
114282144
107346370
14464634
84763747
4229766
133513680
84737111
97022212
131751018
5406700
75526546
126771857
134648274
61820558
3112220
107541568
4162085
671270
412537052
3232684
98146002
3039828
7533122
142650880
2229663
3166455
416521872
15051379
558774
128548737
142701952
962507
68515278
125866317
2525862
345153471
68153261
522185792
366456451
7314604
141338791
3015630
89874967
137259116
13988459
344467051
89123711
118731448
791305
121648250
515617522
348291311
65721417
144665838
451527652
68765125
120307594
443082632
74592314
118830874
111052058
84853869
142378795
2170703
4302759
138738365
75670531
96822874
70079544
74233260
69552435
14486204
121596654
78152484
66544598
84100217
569166732
460278552
89125309
363542501
106521338
67780209
62351303
114438546
6416097
113867918
17607181
127248319
14031424
20508461
351839171
76199146
126331805
90318205
10101814
66750409
403639662
3109102
369673411
10313067
1433366
455476842
2813992
143954172
14211330
69552373
72273850
76391450
4603175
69075528
16711145
76391447
723563
815330
545235612
2226960
353382891
546594
122927604
3905670
95583204
41292391
77043449
82173128
81404754
84842511
397729442
572387582
62247529
69390142
2430576
566760532
423222552
620518962
456955642
145000990
124183416
447098082
7760348
16328613
403699772
3088064
404310102
499989122
910026
107351022
4253436
509041232
3819055
83059222
132159976
365649491
430951502
906597
913693
576857322
363750231
460294002
65445457
76738734
6592573
17612758
344940661
2630727
7562986
1026366
518989582
439179592
79418131
414758852
141467499
367555621
906574
5817089
7332590
135405482
12700085
62028342
7868872
81075570
431467412
998635
109500884
76376882
76154184
10500352
96438278
6442506
137496504
542470712
514852262
263296
506193722
62724016
14164429
75972948
3129687
445804582
1109743
609381
371954041
75326700
2498746
368705221
112744112
62538279
2523094
515490382
112667058
3932603
113788304
76438206
125043006
354918081
7438413
61260123
2907913
16036038
7868831
