11844871
16161058
67556948
4286051
80889318
357431251
556377272
15391618
365464461
1161679
144948598
600153
460276132
543882102
569217
916424
430256632
352862161
380537301
4124656
428966662
4233792
99925946
12270345
420781402
551577722
117678828
93477174
4008456
396127542
7488946
3749789
112889796
142337695
69051597
17199905
14893483
60726278
90661169
81940966
434680222
95968844
78974349
105069592
568003
3601752
122439642
81435966
105970320
13275690
94195484
456379902
6463850
3445820
1059093
75072795
63303661
68861114
77800972
1121657
3667174
557093
28852761
90822251
79965996
886334
61172989
4603174
125651230
16131067
2317823
67406844
96133358
576455
462946832
74085452
72379661
121593956
129287494
77963834
122703266
2460060
453398662
99360002
99554796
141198531
4097308
359786391
119364636
145501476
75197452
69879252
38250081
2733680
6166675
86877383
29735521
72676956
103057440
104006806
75717118
7063920
482843042
122379486
96507494
66461930
129287542
88951133
73464105
9812699
2317178
13161111
141952025
79475792
72273758
456011702
354165291
70640485
375689881
64067062
72067705
88936737
73457641
104233794
4308350
139787519
436141592
601013
62847150
10287259
101764817
138139859
71091143
3582295
67041323
12266332
519068192
75551478
24941821
111779244
64734645
1576424
1184308
142335443
366297921
801842
70697280
7664548
75747982
4225670
73738684
18333001
459988582
11918597
129324466
581389
375437371
4198565
89067579
145559098
519342452
16341245
144293068
103073446
3090793
6204961
68352668
511840272
120024210
476138342
63576903
413490812
439800102
70801203
124996700
13839981
452882902
10469633
4672231
6298352
144124320
3165085
127246869
86953557
65630213
82488708
80221490
60768663
122447460
121096658
69712611
4232307
126368207
10097487
439324612
429036932
88273947
144203354
135026574
89845055
1334599
67041051
138341073
14525575
371521201
73738692
54420921
2428630
93352696
7164461
3731272
373063001
61142286
75610732
555640
365750371
2522953
99543916
4520397
459197002
543934752
410304132
133103204
65768143
2267042
365155
73724283
455366412
114395812
56718321
94400578
86922279
498130042
393894232
482681692
15640851
7439953
65441650
16418932
434740762
54428401
17826508
407141682
88612489
137261764
4709947
92572810
452224802
379731031
76395840
83837260
90250607
80197800
133215526
422214512
100456392
483247022
1141671
105977954
91519050
6177415
15512634
994702
129632308
84118679
16642827
102063236
3137332
142337677
2283852
576851212
75980556
348202101
79967476
459106192
4096755
113039544
383561531
75178266
67231433
4276179
6599841
413829472
140721781
88533583
66036347
98253574
354073881
8930372
129632290
86730957
982752
1115044
69627778
134711946
110908332
4694989
71148361
521302452
834989
76461356
83893753
576963472
355690451
83059092
96974184
134523166
74341793
525343612
133595546
86453207
144142412
78689865
372740351
13040252
68634978
110994030
67873528
13275432
62847151
141433457
66940967
83101562
7705892
79185305
506991992
907649
109171726
141345863
136262878
364957381
67532875
377464921
12778219
89355815
99184660
141826535
125972317
37027991
409473422
119981436
3129974
63394263
72082917
3755305
89077033
559211602
486717512
115706036
138176187
128762459
17561430
88419425
90465927
67159083
363542451
4603408
380684541
411675882
372740221
346460821
61142287
11282876
77698477
7955802
1098069
72717427
74609140
94727038
70412220
529239981
415493512
462946792
71071234
81292626
549995
144983772
455366502
397729422
82418390
81609384
38290561
1572689
74099064
129309492
127803599
74227625
130427848
5079867
135373132
137215034
107765380
90250619
3875748
72931791
18063173
662104
61686264
13797108
7624663
7191363
38336301
514409452
397344472
378796211
111275470
505534022
98105600
60768181
136336116
366297281
18063167
62847147
7080799
72051525
79296421
13128559
142095671
2518932
423745182
95961506
69819441
119437608
95964420
365227
68748923
71551539
12270341
144655406
346111251
364962
393157072
425604732
64398716
138791745
346578511
416864722
79940632
127075445
471847812
57840151
446992342
62624910
395664662
459830232
145432614
550232732
291992
403869352
103996098
10160532
77542036
292013
411784682
75314047
132434634
61453569
16607977
579496662
481416332
78768125
907061
16944546
91543332
126587209
91543334
89458301
123373232
5223908
72543807
3112414
132136802
103214992
64472943
58723321
486414602
1128293
145532054
497479342
2420401
11540973
12644245
136803588
62566552
4586926
136864888
71222432
13783449
107619632
388726451
90382073
7439948
100889634
28958611
3164155
371790081
351583191
7624161
130853370
126024209
74120181
3090887
432957992
458531462
105499622
438850292
91222488
4301867
104233796
133165774
105716960
2157694
6588199
81797184
7667349
113948724
425012712
2530363
424257542
81458044
128552785
560281
384717331
64402469
14047377
92053084
84886125
441050772
144572218
441470842
61424044
44230981
499994962
12636024
90248127
95973024
411784702
135373828
438866282
361103551
71886960
75070408
347385721
100334216
4586925
72098144
131144682
79140657
3100894
143302928
133115660
133165904
513360622
389342051
3139511
140182699
532094
65725036
77913391
76535457
82418396
2265289
60831419
383681201
12724819
76395834
304844
67880384
368385241
3107314
381222111
89599769
7827696
547159922
401791162
133196026
125536814
132389048
76159511
422130572
662101
89597763
132935898
6580746
41294211
451254022
144572216
90655669
204075
17347911
5867874
96770628
113945464
142175869
19004851
100362280
4601933
107267184
3754371
375689871
42535191
2229726
63457747
71102315
78630667
3899459
61188283
460566002
2194974
68437773
1125903
131460536
110230842
555755
14954267
108637488
136693598
132193346
109702890
73982869
85750570
7624158
118516574
65444691
12270346
3129413
3135336
2704077
379004831
397047242
630701
3135034
13832996
131343028
87850141
398792662
358920091
354918041
382987451
397141412
78508323
4286585
916937
72314239
14598347
386286171
121107876
97971916
62951089
6722119
3097488
67704219
1136200
144949268
370862871
13275692
123279026
61104216
95611894
79587516
388570941
13291255
10686934
139884407
129252744
406355342
16013919
79542042
394692942
2741511
119936614
129473728
5958976
140183205
378796161
46676721
127875033
12791219
381206251
357083271
62894203
3731410
135429852
49945861
138350309
496289212
77855405
435525072
61239652
1109737
79319969
86543213
132198352
3135553
90326855
72417244
935442
112076884
2739438
114811546
143138892
86922613
100598482
450730492
79875048
422196922
373686251
69879250
97094250
67232347
76520779
144392352
7035328
676954
130861814
5125708
2232101
5545070
94978600
553814
79251649
135372064
12984922
80133270
61287079
18255791
52880011
531213331
2838140
80105572
11829899
79185293
69829986
4274028
905554
143829248
363542381
6322630
925750
18240751
118190298
409403892
67322236
66650373
73284511
12984930
122438728
6599840
71298794
71645436
137215036
