104639272
68936276
824983
6920213
3360829
137093644
67162507
13787885
93542022
451419292
136889404
71853102
403850062
142334709
122968208
3839473
126092539
68926313
69144380
2177861
3964784
62847146
884758
128769059
72127854
370221651
357901111
2124128
529902351
10175664
540738
86400945
422202552
119560606
20508941
62072000
109864136
373409121
70442106
113107920
101215842
2301430
940596
62352508
451127472
416112602
1181897
67563936
115066974
3886179
76560668
136404342
449554102
78108686
397223272
13569630
13145609
565766702
7773018
922465
383785551
80164322
123911750
412710302
371184971
1436163
97973160
125600252
99365666
5414032
2176913
3112221
577893
2556778
103878140
22784831
408766352
96861534
505511412
552500
17161373
34604251
91985886
139168017
442235652
436495702
432350792
121126246
356751571
456965072
103551844
62577736
3151970
107474522
132296606
449042252
412568522
361256731
76420088
365332
3094018
446877872
451728672
144944460
143661554
111120566
78535538
4195719
93203882
553214192
906436
127201625
2428862
132774776
918304
662358
358089771
17020157
14616927
75795813
3356773
453310812
16631541
131351882
886324
600173
2511313
95254366
137726989
3824093
61254077
137833941
60946211
141200471
76809763
2177262
68583855
142924876
401455802
72363389
406116802
417726602
451680532
6010768
144947972
2686145
355657871
105768028
83240440
107675526
124268778
128552581
53123361
468253202
112889774
112662374
953605
3116994
3993054
416583162
79665674
78498693
7571196
141433455
466723822
496492462
12235217
134830986
7246677
3358382
135949710
944167
128143145
3885293
419380532
376781251
546875602
419166112
361119941
423791842
55442901
131293706
118731456
74929300
263419
66190260
92281744
6802319
451675412
138379927
4086624
90071935
368620481
101210726
553753532
14509804
96398252
124220438
4368119
98000684
88420213
3099826
438292362
414838112
555913192
79238973
527022462
557630
141879681
107805832
106312440
355425301
489371992
420792112
421035932
111840540
109168976
99408328
92298790
293192
14490160
374121451
83936995
72411358
526618002
13832474
458532832
78436231
121125126
141816617
105389604
111133764
14064637
70094153
96458854
409317902
383684421
3135405
1068523
5277573
129851990
2281352
106120452
415732802
2429768
111780464
140469603
12711423
121637106
1165420
17613987
71512092
144947578
130863498
89386731
2285126
17357775
16161195
863911
85381892
1903987
73064037
556430532
419907962
11013573
400500582
621263182
221613
117713650
922194
663451
368714021
64489047
105011298
86340471
2960311
356179361
62847156
2178582
136405744
92614822
1138006
106442836
4655290
111780298
395728132
2293097
2847475
565481
126938657
403535362
344982321
90817657
93699660
542389492
14833968
459546692
16065176
136337270
64972425
117062340
11123782
17390869
355504411
14955977
409751822
138125085
104010364
2171221
118183608
107744182
439066992
872090
455366392
463135162
442848742
504011412
105011246
18056488
932734
1101413
69447083
128093389
141591261
435821742
89077529
94422870
13241989
131770762
74599637
2851464
88486709
129633706
368910131
16667842
10309162
114422238
138124911
507148022
62723995
132640312
496237872
374251561
76985025
691219
98060384
138123337
74287046
117349370
586642612
457025042
751784
6773869
4162670
120739026
141338477
13787884
372123871
140689807
101346100
425662732
95956414
1038490
85404248
134525898
428347832
418203452
3358366
124170454
910909
5596319
382268451
66379621
726820
420902232
69257847
446609902
953103
80698408
373968991
70697284
370525791
391824292
112685706
133165738
118691644
13073002
132634794
2830172
90822823
1109835
130413584
136331128
353551951
4895398
140737351
70522876
514940812
110549624
67167290
2723058
4184624
118807482
123072230
474654812
97313252
505014662
345406971
75624818
5617018
570239
475791992
2503276
616033422
887895
135373120
14431676
354631761
128546537
529170951
101819685
552942362
445027932
109578122
61700774
454627402
89815099
504135692
504533192
1436193
460407182
62817673
91490302
72583068
378878131
71092110
1088123
65445748
407173362
365649521
132867466
3390998
70412929
