541223962
143173744
2485106
457278122
93557192
75947120
572820452
120351980
135065484
394379842
71441867
60872282
73772066
87789163
65657281
52880341
419280412
55015251
712221
1114756
106135674
2461065
3960621
2847448
358972401
449199562
108497956
70707338
71738559
526066462
71129382
66190261
70282055
120739016
2847559
61289466
72047901
8086131
1576194
99198936
391357872
481339432
73916142
72370941
415238412
137727921
110081670
9943250
2686140
68414397
380683861
3129325
489118982
107394236
547833052
534404862
7675055
410193072
72892614
585601912
525343612
395664742
70646404
62293830
988576
106506518
62724023
17191428
551996532
122886138
73772153
363662111
504135702
61644180
377254361
83936979
137726981
129999432
61002685
543894102
13130077
2166498
79589180
396246692
4220191
98100174
62028332
97096562
15026174
98936082
75623701
983238
86835395
109843102
7674864
946031
11277811
129634912
113420718
6891223
142497097
129634916
89077565
135374998
126023971
13174764
65191248
3085538
105286420
77834704
144572248
79363435
404667822
62826435
105643420
69942181
87275879
71645436
112662368
13131062
72048002
112350084
138585397
62936662
583177792
508105362
110956532
613621252
546437782
15404653
555652592
75668705
4670277
443338822
72122246
15078245
374265321
5278004
118190312
88252829
92872158
676573
16821412
62824565
6789625
3787865
63454992
582998682
2577958
4633623
86836305
105765234
73724283
99976962
141339887
10183367
435175462
105634954
446733652
2248436
1181958
381168511
118203038
65245786
424625262
129634934
120359050
67526139
98371642
93310976
65359528
604032
87897745
4637029
424104682
101235216
87317645
126011323
132625734
144130194
504056042
106506528
3129431
3148009
2794654
412537012
74872141
7011669
103052662
130484710
99666520
128948300
422201732
2924859
3611374
92734602
133922560
130005752
535411
18186403
22369171
450953422
126470273
722656
142706538
64482461
14875962
105717732
67795291
91855118
111780416
134036248
80678826
2279325
118206896
3588703
373896581
86876435
366441511
432207642
386647141
474275092
1105573
13991841
14597837
134519814
374737281
121258078
86835397
463182262
14499482
125968123
7474206
17634208
14405197
56893291
96861532
144940636
55613161
143858022
129451402
429939082
99976976
76550551
108286994
67234557
94424876
472992662
403074632
3008966
2103588
7474216
380147591
415561562
502746922
10686136
7272292
439324562
1123675
61644204
78671328
504135732
72157022
130411292
78527800
91018665
120429020
561856792
9975826
143172406
417460642
15078243
14272547
676198
81837008
787220
94320318
141206885
112915464
109864144
564088712
66660698
17258766
120738730
95060040
79470263
3098301
70009148
15078235
423589402
6720555
10372928
447098092
110081660
114811546
76908422
369246011
2271563
539289942
77468108
15597138
441178872
119069698
579934782
15078240
355665061
563085362
111599552
89538855
550288
78099009
126772749
112662366
119465388
63456719
350151911
78749541
111780398
410092362
70631680
88577485
2288490
2847450
472992742
79363287
452891832
139904165
367550531
78872221
142375467
366297301
122884820
139878685
71645443
120670682
72055719
2852933
3128096
127322365
382686321
7035515
134285864
78527803
130416864
4368116
70009163
80678816
17347967
431746612
391689602
16099864
1124146
61752338
64278784
118587114
858447
79587602
362539251
138545999
72717421
70631675
13749633
390213201
109781660
138547415
3133740
353546951
10195960
361113211
65712832
1103968
472992702
118585160
72059773
674711
69261835
553083
13651706
15408616
480861232
117374062
14927093
2544628
414894102
488652032
79849426
581751602
127244341
1159579
858907
82611984
983832
67928750
462985032
432940992
16433496
133512868
135374522
16927143
558985
347385661
129371324
143172418
54106961
72718701
78318602
466896982
12785907
14405199
118760360
119400224
101817975
62220863
7411237
71088803
398773972
92983212
137818639
115026794
16753987
86876441
72544952
407435482
564946592
422960562
594588632
414655972
462396762
45594211
14340427
124147550
916479
433389372
105286432
13247500
113418502
529681931
2654328
67239287
416566272
502364042
70646033
546720982
350058041
63431973
68908956
112350090
141825759
72299954
422202582
73110685
462314742
127322361
572537132
43815451
884309
65356224
2426056
2250256
7087523
75880649
112662384
118760368
62697392
70452535
7084419
106061612
6487922
78233074
18190273
399408822
7044071
472992722
109864148
16541038
73399999
14250006
9943263
13651729
137818645
14494921
95258854
462356852
74322266
79587436
142746832
44586851
2550600
63424927
103109860
370254391
126433067
71844146
6891218
472992692
369631141
89166189
111780378
362297911
409166172
15078241
73915410
788457
134524258
143602140
63424924
783906
523090732
14881414
398055732
105281106
94664188
1105736
599964902
387610261
80556548
91543354
96449054
83939103
86331397
784386
125544842
8317021
82140646
13207411
143508104
123336990
135870058
2485011
142915972
390901081
71844148
351669351
134945406
62630480
124996698
5278052
993670
136409902
90379179
63241917
387610241
66726091
97081700
14094029
522622402
135372978
1103106
113418528
81747778
17191643
145618018
15175385
5278062
505541242
539082112
126023975
401989122
61379429
13257547
14628995
925399
141939683
3020068
7429711
16501728
130665240
940347
143139520
5969100
882267
362871201
88806593
118190316
880181
982917
14935230
916841
138545997
494497892
139946565
70428484
128706965
142986200
491446912
451315672
62220857
113775336
111031418
2423895
415383202
128706975
138547593
546790
130153179
96468138
469407072
72160320
4896761
70054782
684038
62608151
72375741
87936873
13446084
461288042
356443981
145498344
946048
96014384
60199661
4306810
543724582
98012644
70322142
69938495
579893072
404153522
110152070
31038731
2319631
92213570
33382321
66751003
619045572
77708477
106061610
847227
138544913
13503834
449072022
784321
133098622
6343265
128706967
15680225
107744162
18190280
60726426
136337008
126215751
88252805
4244303
89701999
457517332
134390766
65446363
86876427
92425768
465455052
7675404
1576100
343856421
105286408
408691402
96461852
67578121
104768246
110086450
398364892
136887798
3169163
401989132
445019772
30003771
83111394
13146464
141335173
907388
121595538
523157812
3147243
475914712
567679752
411701952
114396428
7674955
435656212
439864512
128706955
98190736
79875044
442693232
2317363
477452252
110057148
66539331
6719603
459977272
4624032
65153361
127322367
422202542
83111376
71738557
4188586
2276253
75800620
120738716
369184591
76263948
616990722
66245339
138544931
111774706
477392142
129894952
13636728
477452262
676838
351595701
70412451
70266759
3765244
110956536
99976952
8086128
74077843
94495664
99358978
45638361
14406902
110956544
1186672
2244963
135029662
904288
136340746
2174153
362875591
112656032
380553541
349922341
125536826
63510361
95060030
143172438
67372908
140869461
581751582
417357342
361192741
398055702
62118699
4188437
118787694
120559578
583204252
137726975
410092622
53852471
2803784
13247178
79534024
7245912
361134671
2449115
120130334
3829145
70206822
64505043
134243886
434730482
434192412
370962401
3166507
11964027
65656497
137724055
2485108
88252789
7058831
927907
4588209
25128451
887238
137726987
130850888
607684
72516638
78956238
504135762
113418498
136889412
105633410
605678332
137818633
420471592
351485921
5754463
84158969
4273999
61108933
526687372
75577111
80274526
348386281
79875058
10697638
477452292
15377662
71384865
16014491
5481834
3316914
6891221
392355262
83844558
78389089
433773202
83385598
900973
123343252
106095100
12352202
89805365
137726999
1575053
934434
664107
145101258
122435370
144572236
139167977
358920111
496739092
12000806
92154620
786778
3164898
130411298
21761761
503026512
119873536
402867912
119874184
2277689
86788941
78367485
532605
111665816
11011578
112662282
72089392
6270211
133579420
1564562
390213141
91018477
118187184
599964822
16588644
65457660
15586288
82341198
13529560
130411294
916839
93308006
13322484
111645602
89077521
126033195
2820793
14525086
515897102
13704988
128000569
8317023
877655
346488381
10114230
136887010
65723649
60779832
88209921
420010722
823135
15618526
528729911
4311360
113503414
3598718
129053330
61860878
83141846
3662139
138585395
73915409
112342326
401989062
7599937
85269418
14647436
16918499
129632340
3436075
78282337
72528896
4210686
3863211
17605438
73682281
88299361
1123889
72544965
493900612
62294641
547833082
2652723
13786047
1023429
62697393
3087241
17684456
355724441
365649491
69405360
87396805
5278009
439327872
534404042
99426814
572537112
77770638
380147541
10307860
366297901
143782366
13651728
123843704
62936658
65220464
414838222
78913293
924937
401472872
125972415
72544974
817020
142505923
784314
964685
71133547
14499477
349897991
10114223
6488047
71828734
7216940
5093637
67615714
70266758
62290970
71427982
96258022
4288430
136710424
68879280
5149239
61644206
378806591
3852711
87651091
116914122
14114479
142761758
72283598
70591352
10239544
136332536
83837266
13247487
105959134
401458132
5277423
483470412
6128517
115513782
787629
111780400
9837152
409166202
504135712
123409072
143172410
426572802
143794546
89824487
144393668
66608880
128545171
432805302
526033292
17914988
141341973
3129616
73916147
2150191
9997016
422202592
95688368
137255706
60904700
2681007
61878665
450889192
11288817
17840805
141821869
142986202
99184230
17199793
452184632
124147556
7155162
105804300
356119841
92213550
97615912
483773532
133135660
1574624
134592799
393460732
2431286
446806412
3087499
110549638
412548142
137727927
7406738
135052782
64927202
39544381
74455413
569420
122257766
125513434
368993361
5592970
351595641
558728422
62220866
912985
65656494
1574324
410781132
91018473
415238482
79520408
119302924
130413566
537474442
70800612
61569721
10239546
1172330
40087261
3160070
109618428
33367021
128947092
132625750
6250429
68016602
141939687
716915
2480734
3599740
2503978
423139232
105710120
3787861
94496150
129324476
17418179
80902804
1112992
108851702
349922271
56894651
7232107
100052812
134533216
447098142
14340429
96460712
79827304
131780918
71930184
70834770
78282091
136332476
3109236
361484211
887253
811894
61087139
115868046
65236038
546575
72089400
103773588
7011719
96461884
92198180
130105294
70697364
357859971
67795283
17347979
129345736
373531191
75817375
104847438
112667898
373746131
136409900
72203567
3100405
99666552
534573882
83753452
552418522
452184602
15604765
3157579
97096558
882268
548645
110812468
71898432
145093014
88845371
76110610
392164982
351864761
62119000
13176497
1575269
88252787
143581066
7332944
697476
140813715
583177662
78281885
600884
139563499
111780406
70403439
145101236
97174956
12802655
70125571
71836457
6066638
554446
435851512
785176
550180792
75871067
16009796
15397232
1143619
72283595
145214384
108576228
2517535
132634800
92141402
3110856
131590774
125493154
106095094
136563724
69627777
2320549
66564102
3592357
85489516
94523940
472898552
62744403
17393623
511035832
75306821
110956528
