71109602
98320710
3599719
70026377
3137062
533982012
117301116
4969109
2294445
970679
479348182
555263602
13377556
107763524
131338652
4300133
100364120
925981
127248141
139873031
105836648
78650397
13027978
84364029
104001116
355182821
76242042
5404462
459488732
5093618
427696412
126724579
65571911
405397092
93477526
883651
98244118
105121570
105596892
90760041
2171486
966343
62409577
1142557
87507189
29735501
101517782
11206076
24967291
366478731
130413186
140353417
100246842
127708797
69662617
108645844
10235996
75559396
13180000
87675701
404233262
19485651
500928212
3088055
67862165
67576182
78576428
6160890
7603231
3746447
286428
107837834
136341782
32936091
120451282
92089102
92811244
17691763
66465547
74702027
384585641
98958100
7239009
121210812
78861507
72455161
2425807
121179318
594491552
4115511
16853881
16095808
116830512
950377
120433990
101947109
371654481
66881687
619777
17605333
5093604
88936737
88642071
423482062
4960500
87681529
11974567
17827287
98092408
1584019
556317562
96454554
10543928
885918
144385550
77923897
78017839
470644982
86453033
85345466
18806641
112744102
100928288
17606730
5404583
431358872
392906602
1738985
747595
63264159
475164252
107544240
68535006
281581
105187502
75502840
128557261
72795470
13113525
599218
489063932
93282350
535305
85486600
364228361
17081817
78588920
3754371
78001828
75128241
71661567
767430
107544236
117208346
77901255
6587986
141367677
92305558
70238470
77234512
13549167
145555634
5869372
3129595
134029376
393005002
914227
460476062
62263944
426871342
89652451
116348598
107763150
92598530
72986365
109700112
107740252
102875072
67356635
14616019
70553170
570437912
17605369
15592555
141388959
100107320
67563958
376583271
5754241
132628894
39355081
10285015
859120
454285152
76457478
107668440
15586204
3130438
361648681
101009330
129309044
3087837
71403230
106771850
130419356
16140970
847236
854137
128187181
136339500
61323401
367787701
15603043
78799028
76228605
5404454
75094943
5088096
462848942
62583412
2283852
7298082
100478506
134524122
3089048
3616660
911690
6596832
372598971
5495735
355881531
60716209
362990191
555905302
3046203
125937953
96683648
14629132
118155864
128546625
2291278
3002361
910210
127677775
77725025
357105471
19385821
427261902
10235487
13204932
3430132
13160746
510010782
78970885
139424067
3089034
529239981
128399911
82063762
348916471
90563043
85966531
69331513
571216722
522622282
74368660
90213405
94935142
83925323
18034778
566207
14405185
1073437
4007095
122447460
13853236
104488184
125917969
61286259
906572
101243568
552772662
144949354
2670331
53495631
98639490
405358742
3843299
138856767
4638383
70097717
7677766
74392813
3729756
6414625
78106685
5976167
886462
2120967
2183167
143229004
76543294
17519009
132109560
66465555
44615491
102364966
87544873
3412499
99249858
456965052
88936753
456184882
380030731
523658892
83806304
86016227
35788261
83941475
533137
101045270
4468053
123279026
1161011
46417901
10186090
69764667
65395556
139210443
142342693
125968057
63073839
1151564
39577801
552381152
354558521
346031481
2450613
4087126
66511076
110152078
140416669
117430270
82025220
352797471
3906972
1174569
128641599
3747391
122296906
72793838
627110
70506391
68442505
2947203
71131667
63159007
8141718
514453502
14539833
14948520
2889771
79457485
120668438
522654012
114387008
71705491
76782771
4123045
2253494
123643942
5104843
5471349
411982872
137234004
453269172
5161816
125544838
7323577
71645437
7395231
72411304
72790377
94799672
6823905
3824715
912039
5404530
120310290
370817621
63420327
607484382
71519857
566200
75442059
4256605
368981601
924370
400260102
73440023
69000802
106006824
15586220
136338500
13158129
3360621
77698470
89393765
69303773
467988082
2295258
409223082
565588222
2457424
677418
17599942
1053678
16341244
14618524
461988602
77380169
96824112
42535191
129314010
443942802
69404587
1121644
13198451
630711912
7667264
3240471
36527271
106407316
13255869
94096086
88486661
13842044
131519788
61003083
2701981
3573483
68530326
441174132
356498131
1566185
110256480
43792571
13131047
13471091
68075345
10001979
13336072
88806575
135386042
3551883
615819
2101574
95254402
100069446
45544531
7890004
110955792
89584563
117309876
394996122
497468732
374681231
11708671
138414737
7667065
7337143
87679283
347626251
906567
845923
4189329
3095889
3146707
375553321
144494842
73616482
74711398
3339680
144990176
3077664
9995333
72717427
138811483
136370900
12399763
373577091
28559311
773697
144991372
434626342
661958
63094575
145060920
1179362
5638767
559662742
392470322
70540904
17608005
417195062
8079553
1184389
2232360
71606976
92730198
122439642
77835413
365103701
120817818
139807259
4299871
459494442
352862161
137569339
60759285
486418002
1115274
61239653
134951450
2777519
136408196
128993608
66674558
429516172
313644
133595546
542000
137986889
62754677
18089490
94978602
64607953
68473081
4193718
445244582
13693688
62659498
969811
7068279
95334024
65009270
73946270
377499981
431541432
497467122
436581812
62359802
379095151
43453281
115234308
104830734
393441382
69607922
12226391
75801797
77326414
17614161
14291752
70565976
75465062
63534315
2603799
2843911
12210089
356207091
125534386
89078049
504135772
391351662
7155372
955101
17680066
85384674
7512058
440408152
626451
62471086
98100180
17607001
128256955
73086880
119437284
355130551
2300966
104102474
37217431
504989472
3100441
64802298
3154051
2205185
3496870
3087410
403062072
71534707
130065450
618317
437580322
4292117
133959620
2498790
473096222
12479679
390945361
3092337
7145793
137727913
89845471
383561531
6678695
80077248
104864934
92734436
404257042
2166353
670804
440962892
91599966
4125139
88673393
504960162
63017513
17197898
252828351
13473872
88936799
16944546
71307170
145498434
391355352
15597885
3545464
4125129
132831460
922730
1090751
79598906
4224655
435341172
376114731
2192087
141340289
612118522
359180021
9807185
846215
5153727
73222419
6922865
3975021
450927072
94221930
14068713
105334780
3233989
65145870
978856
1143635
78733994
61639597
69238315
79008022
126428883
68566696
13776514
14390414
61405982
70428228
662589
8167258
476534352
80722286
13486588
413398402
77325366
447098102
16341108
109861822
68307434
521302452
136246806
74602299
65721396
96448732
403699772
93047082
63264156
98182104
2844647
100590124
73000889
63076910
86420699
1080439
88449469
98320712
87126505
46435361
15430608
71060213
65020530
131449202
3765290
71827119
477106942
1161680
4125923
8176764
130252264
3242060
4124174
395398042
13132634
75757850
77002174
716453
94340878
127875033
141338821
118585342
6920495
88166223
12891299
106904462
61392012
570213
100932732
93477528
87644775
90415413
6918266
700985
70640487
71828736
70266760
346740251
623552042
70607217
387421621
73372606
120359040
75768076
92722970
12525640
137260134
386539901
5708735
504079942
2124739
1573881
580931
67845915
831350
918085
63473326
2252789
124603404
65414410
7553676
13236749
80947392
483827912
70266979
14235829
3130429
140248653
89239775
56889651
4763696
14495589
11974553
3616618
108549704
67606710
3544007
17599714
65445461
65020538
491382222
105081000
100827706
10284893
504135672
565038
4052949
74300904
61249503
75212172
83940953
371959051
66020857
6154098
4315321
9967436
352263841
263418
8175115
139826931
985208
13341578
412545352
130972828
413338702
376480891
385362021
88253069
16652778
2102910
559209772
61519765
6722111
3167846
7035113
139502557
3099540
1115042
39405051
128993090
96816494
263333
6345536
128156033
75867418
631681
136806224
2457087
92650558
77842657
62165253
83931383
122115924
1065728
969356
46233101
5094073
120287466
407499012
78383489
412548232
13211609
16433500
9434375
384262681
97956132
538098232
78934975
14948176
100049640
617113
425532142
139705137
116116580
10186831
77528179
15615762
99689648
88877617
93477530
626177
543934752
909565
424565282
1177112
7779532
3731615
11246735
10235994
138540027
132350068
89310471
106583762
143781172
93994012
7487561
562696
415166592
3099912
389398821
140800101
4833729
450843062
2396507
1160174
94188742
6154330
104193724
541854
28981721
113975594
4761589
66868400
631930
131984800
118446238
453752492
34792291
135374214
963085
57309311
1095156
492150022
16161074
95320040
92720102
68757060
129618280
3468651
422196922
10389041
7235192
75502841
17868552
490905002
13145272
64289940
110728358
959611
373397451
542373672
140801713
61915575
78974841
6110532
77483775
3111297
107338452
110908332
142034935
5169791
732445
104065360
106713894
907006
95057486
3200294
10245651
86433689
78004707
1277775
119087410
89845209
118404760
5621392
9990582
15049127
7365618
907585
67933169
7372871
3544475
75970420
61263045
490993992
2512156
131449222
381431861
61723278
73008025
13149217
116348610
90374131
99930360
4097362
145422768
115706036
66404563
126140351
105552318
20309341
132148022
567075402
2967731
77771101
1141679
924364
131344234
61723058
68936087
7216938
66537982
94224656
128421145
80206914
387148251
15589894
10236553
74718611
351537711
2464502
13270385
559211602
425973732
67100852
495029602
78177198
530248991
93130974
116914094
17690837
4124166
23399131
104654902
20156811
2183625
69002098
80180340
263326
80869634
97978578
96461828
13841996
32143181
127167835
8081451
870134
596068
6903769
440599302
143533262
127900705
63354228
102771836
16215869
70128385
76500485
6301329
23906141
454314282
569213
240855
391690022
64998032
130067286
71955236
63090284
17486205
730577
73457612
376015631
17691003
94652218
35088121
99198748
75970890
72082917
65590971
377979731
83361152
105243272
63460244
1118071
70744510
92722920
