53043631
676840
64848602
1137657
17135111
4946882
65445752
399023232
130778962
70322134
531907551
614756502
136889410
141921707
410960212
536484
132270322
381810741
56894511
387610281
4116951
71828726
106997288
366297921
363834871
735181
68097787
121705262
63694178
84564791
478896432
13341413
8317019
8011853
63034985
124603260
953099
17135121
106095086
5094562
79875060
1123014
551577722
680518
87543293
71645390
10100698
128169483
141822951
6918357
664507
75212173
385049431
5490699
124603282
909885
450882142
74249937
503026502
2423891
7562926
99976974
139450811
2681004
101764833
534854
145432614
2283271
437930362
406305342
72055416
2551690
3538068
77468104
459977292
44230981
2139735
14250002
810179
482843042
10006347
2149886
124996696
1075781
571902532
65245760
426445912
428537492
428308992
119826418
89125337
3616531
374728381
375689861
72371356
510438712
128800217
519643772
3339455
419177972
66404565
503026482
603072
14628999
124603268
142004061
124996700
6080021
60946207
679217
69331111
62891828
107715248
10114220
65220457
67234547
3414900
470745192
676183
511943922
144572230
15565669
13975779
380147581
354918041
13651723
68772205
441178842
6558033
561836
870064
136889400
71653994
16918509
89077547
15586369
56894481
397729422
376231171
121648250
100067510
363592311
89824821
60977514
18174112
3658126
677232
106746752
2794603
97342134
130543274
71039604
916339
99976950
85206346
513941212
141939545
114395832
472992622
14720167
91987448
3787857
361134621
79875048
435491492
13651707
676159
916436
136101176
13783453
9915084
432953982
73616508
432954122
124262674
555639
615664
128099969
413807752
68586753
74494858
143401584
123883254
442693262
7310064
410028992
440092662
982668
489126892
84382633
79419031
81609384
13208810
132265704
385581961
143171642
99528508
2321662
560336152
452224802
17826508
137267854
134336150
144145816
80870090
449056642
6461431
389040611
142746158
385581971
65247383
99976964
449032252
137828447
398055682
113418522
126902923
363418191
572877822
351595631
119437604
144572666
100004590
17684074
125944845
103052650
65492856
444333332
413807852
55003861
92720046
126884459
2171456
18063013
845910
505204262
456379902
797409
144389058
7666481
590067732
70506864
95978792
3100444
460299082
12000509
127325051
450355712
63510366
87370647
105499630
144949268
111482314
70079959
470202132
78516488
3155488
133418318
117074452
61424047
3729755
87371673
65220458
482986822
130118555
575891702
128706969
95762418
412210512
482986842
2248431
86332801
385582071
17608830
413807792
6461441
73528755
451004602
128095671
440248322
14299589
676954
2794365
916445
543724392
3165194
91855112
403700892
91855102
110152052
137911999
533609402
121258070
108851692
580851082
141918597
1109730
137727021
411604652
75717865
426703682
