513166232
125544704
2514677
2171504
921705
358658271
2238145
62165390
1124454
105499630
3614665
1169676
67563950
15050452
124433692
910210
925108
674958
98920058
365331381
3829138
61110499
98684990
111779242
623509
620156032
534466
72795483
118996424
122447460
8081451
535204
76520669
71204339
552383
38250081
553753532
459990712
91543348
71247303
723836
64402469
5316989
78640457
375157651
4670273
562764402
938553
75057000
74173044
664444
2160741
78545628
546875602
385563181
70335406
121258078
90408875
361648681
7675129
131816172
67858680
67549267
3097538
14145916
520827452
1015879
80449442
134524258
2185679
32118901
66480897
962260
142844852
5404535
64680912
2325001
13982001
71253927
2548870
7553676
7239014
969356
56893381
3152093
536485
63094580
62847150
133577580
3167612
553234
953097
376989861
131218566
78498693
5093617
3130319
74173008
679217
3119029
13724926
28852761
3089235
94753848
536481
143172578
831351
98701780
13792624
61142295
3243684
395273652
12452085
2234314
116348614
7372871
13651715
15489385
61108933
7978738
403074632
89128471
347557071
492501822
1138247
994974
71078033
90408887
408755442
7340163
72372685
5363024
130852382
1165952
6297745
62220854
377718131
130427848
414838212
72823069
74457141
66404563
664456
99960006
68513610
6710643
2315171
1016279
95968844
2441438
93525938
92872170
3102238
3151400
358658191
61644195
69122686
110230842
1123670
3140136
5617992
82410902
118587622
97342134
95662840
79349485
13138714
925399
104867440
685709
2889780
582260512
74077847
910223
7512065
141337429
488242202
938095
2530287
913891
3130304
71828729
84669149
3146149
109517630
3590186
76411968
98833998
134116990
676836
137727021
6113105
7193834
67795284
3129413
994529
420269112
435175482
16131067
14464631
71967078
62290954
66314771
119060246
592368992
138545997
3103845
977934
13379040
440823782
982678
17615565
116348212
2525866
115868048
372618471
2464635
910533
81836952
4619463
68414697
38290571
2438249
137729345
907722
74172972
4668433
72420916
910074
3158271
95890670
145236188
367727711
440115402
390959001
365150181
1102966
3616531
427253662
7332939
3156968
66644179
5404548
83111378
135440792
61102353
73135389
481930432
80108824
84118679
7239009
2319631
61379569
103052662
107471416
102994210
917257
127674133
415370102
473751692
2114403
130113905
67239341
983258
4945407
3152105
65759926
3437873
4077573
351594981
13792621
73972218
142433071
937330
142749078
77897436
137441372
419827572
435175552
1142341
127063153
144451092
445790512
65732144
85568196
79875060
538085372
106506516
526033182
63135949
13727648
84864447
10245000
1141514
129631882
13111370
81763038
7375556
74904931
13165897
429975032
13483750
4668437
954806
627683
3971812
1157471
12565421
629466
60842360
1015329
4732798
144535600
362843031
13842047
114395822
7347092
1141168
136802580
541400
110146986
132625720
600153
487086422
75716617
76542233
101615319
143169102
1178340
603953
3088055
482986822
354918011
66511080
549918
627355
501453742
142342693
89125337
5743496
84310879
4858208
2463406
490973512
3152010
3120612
1039986
89310463
2192091
127354201
14539830
94635148
1178331
4311596
15165360
71039605
1579265
117692656
132194662
821913
129050268
83847398
3129748
136408148
669799
136335986
144544762
68511564
70553170
136887798
1137236
543155302
723876
885840
124603414
78588920
60946207
960638
121179318
87667843
61644180
17561482
91181249
1125903
107623638
66404487
90377699
6822185
125544656
13146474
141825865
428974522
7216938
671366
505204262
347363291
132123626
82108252
134533240
970667
79283107
1105721
5169799
6310384
13470736
91340992
73981765
71678228
66554891
76543391
7512057
75834066
797521
63790891
9914535
371373571
664515
17347967
485124912
11210435
61308198
1104578
96461846
2577157
451825062
100479122
5968808
62166933
526565612
785938
68529043
119967906
416461342
121588426
74173049
136806224
144526090
104011162
86039919
2192087
144388562
92962970
90780423
114811604
8164649
598671
15211178
698260
6435665
12270398
11746278
10006346
128549709
78562702
371593451
11011566
125544828
6254562
4006895
76671616
857985
106062116
87518635
74173050
107811124
2043943
3147045
10161535
959372
357740921
3158145
4762041
428974552
1104656
773379
2437594
100598482
76008440
143858022
7512058
346434731
558252682
80077244
906609
81771792
61064536
124996700
106135678
371903741
3119027
3361193
1123889
78282093
82199332
70584821
89458301
71519857
3978446
127245183
98133122
61110497
100742776
13982006
734291
142328215
78304477
489063922
123801688
12000576
510287882
124996696
21761771
5817089
135369728
65445466
980286
66201352
661228
7718385
2838140
354841821
968912
95963370
13160751
4311268
7633689
141822951
355551341
87543293
7146297
366441511
121107876
552660162
84709643
88375989
411474452
81364086
6435664
545099342
459351522
13141229
3155471
113366546
4194876
498218402
142986214
446443212
15640860
89844261
9997018
103480110
630701
3137509
502733382
624995
70322132
129580504
1167710
142760716
387038651
105081000
434591592
2261953
6075281
67563958
13142706
851046
136335984
404183122
120308032
2809780
561894112
435175512
2312047
126850781
84118673
600631
398093262
16295505
42187651
136336114
65313430
2577957
2511224
132807412
428974572
54420921
910079
61364755
585659852
86400917
13131908
374051801
79665674
97206060
403535362
16235816
69879249
46226521
79665676
70054724
576851242
84310891
2244112
126866297
5250944
15613379
104847438
3657959
6278729
132634800
78527795
3153876
143087120
72132348
441178832
882691
723613
132635408
79875054
98286648
107955594
3128848
428974642
461704132
6488043
2320086
479801712
78367490
137281944
117303522
13797108
77369732
3099009
14685978
60437461
4640032
142748736
90393105
980198
2158295
676960
425012712
417044742
16401956
17422308
75502844
2483915
11390027
422283402
4603407
628099
425600022
3590194
561836
61424047
111780390
61427205
423222622
134033922
561863332
84495863
99358978
5169978
4315684
510244282
12159134
118986142
6580746
351553511
3137332
18093342
104609622
104952384
84840917
3098838
917717
1175626
1174769
72370373
40889811
561856952
13129211
69941965
5183420
80561460
13470741
4116950
2525861
76489524
13832970
13020453
116348626
2654326
44210501
555640
401358872
384010871
99405204
536979
78475884
3657964
68437773
15177424
7800371
62082829
7617199
10202479
408868862
98253574
53825251
71828724
3960801
10199904
886458
417767182
411474522
1147560
106746752
3104486
130861814
3130368
63480992
14525086
109169054
125539730
13470738
7674864
365851551
106301610
348386281
962206
75801787
106823334
128100397
437212402
2288465
120307222
426703682
7332940
2794600
3589474
75819429
916339
3088609
90248127
10287071
64413032
81211196
4603399
132560802
67231606
13651729
344681991
128877086
490680972
349385251
79590714
109701588
9808783
106462210
1115801
67238735
13133232
6229285
3257867
92141136
3028628
67503797
353615271
2437331
511431462
75814713
114811560
8141687
343985581
385049431
680554
72299954
680601
17135110
14248935
2375108
85909191
393896592
71836457
5404570
71646216
518458092
68853653
922138
126368207
142335443
77897440
2321662
8011853
4969003
66283081
14383880
788457
75570431
75557230
78213530
85734130
136101176
13651717
116348656
124996706
3117931
73696391
3122252
64039357
73517664
416566272
83059274
63015917
13789085
4007095
13128705
366467431
2674458
2547730
4311594
14211526
1105425
71967076
70697366
68927362
61002681
131744724
676847
18232117
724039
2114399
369397961
1108061
1135874
103671810
72160313
62166912
84791745
140295627
7675615
10162588
2659988
3092167
98792382
