3521919
16386273
3903775
69018823
142378777
7408080
131449206
130413580
115823712
424562692
3095889
13020396
13792835
129275086
3135561
662877
61142288
382475951
17379656
93082268
263316
3133043
69458847
4799971
62033180
5135673
3151655
74550239
7429129
71668241
18063012
2172656
3089031
6789683
544222932
96014384
67377157
67447875
64076810
578424702
88715377
14748019
78535541
145613986
2185735
126338367
4262789
447344592
86331397
6823876
17633907
61042715
60747032
69785726
3159499
415374342
4274592
7625144
13840347
95619758
412628522
7332965
355711861
56537051
6541730
61223774
100478492
3586121
78492089
2963498
105052488
116953570
15723569
135090444
89355729
143031188
3842081
392763372
72273835
80259072
72925526
2541016
435109212
2847559
366514731
135687204
3923368
15595809
98837558
115502286
80714980
450782142
3848184
455743202
120559578
65292601
3360629
552414
75817645
375050191
2163112
7610352
3131207
107339446
125969403
4761546
57631771
125510032
722161
127248037
382497541
88728983
17142974
4123268
490415492
113756126
60758745
84151895
354487411
353480391
13483753
142393449
3159902
4588191
888034
10584129
14044515
128119327
111846806
35782871
512995032
14913371
68634974
452052562
126608577
3366433
348200701
6973163
64305012
2603522
143187576
79574030
101186764
2795615
10560206
6697440
3386566
439800102
70562307
536421142
68240265
104069466
3852723
14681035
5785684
3698697
84310993
107757986
453652182
62664203
64707771
636224
101082100
14066361
680111
68265035
90944577
4622831
4832319
66517431
65236038
6682867
613912
18061956
502733312
17099645
126907395
7035324
130850482
953747
89200973
52716131
132277182
63996803
545354012
14825469
407238502
132745298
10201930
286183
394379842
363535691
68837898
396451362
4288422
397748692
123785510
4274003
371674581
101295586
142488793
87219459
420792062
117056304
95963138
7868864
2275913
112501302
366440291
69272693
400690252
69524336
17688612
15437786
68854008
382453631
7332951
479348182
10584591
355043781
79727562
10201935
312219
22984801
344479831
90780409
3616653
40816211
132375892
531483151
3129031
495253862
61308209
508312522
142743342
107329232
13569425
81617628
5647875
16645492
363542431
134016666
75931692
2963248
121595542
15928224
86877141
12000581
78966922
10242719
104896550
76273039
986035
5840772
565489
6164310
74526020
80617740
4638671
114778252
98906250
67398764
581935
70079544
3153384
489126862
6533989
419177972
386012271
598218
573668
266779
351176391
142575334
62652680
400305982
95762424
4286585
100780080
584661
462270182
431562432
79311681
439787902
68604073
19038711
74088366
516225412
454265852
14888231
70404896
85202734
139104013
77483407
7294851
415915822
62083053
62471647
2847452
137198620
455416502
17161373
131875288
425709182
14784307
2511311
403520542
88209961
122784396
79983540
129374494
69593854
2216148
7395216
1344947
376985881
569329
134965712
79073684
385496031
4833728
82751238
409141692
137796615
61350123
3358382
7088338
139936199
79567052
4301863
89870093
13975787
109799802
520549492
13975786
13471101
660753
107823322
103503102
785207
462946942
10199754
1114651
34792291
401142342
135875530
62482713
78484225
360628591
73203613
13140493
13543735
13230810
15616226
62471074
136802846
84310877
382268451
3833667
70274248
83613008
532527162
70943303
7721771
70602531
10446134
61100792
54842631
64449240
7703613
1069257
3107318
982939
7221489
375380481
5975401
846698
906616
953098
917711
14481861
5475067
116528782
3242060
426048042
139301749
555263602
121126102
6627454
393665442
88590595
3754370
64489047
80042102
3155473
1574152
407499012
413413822
63046477
347727231
62319145
8147023
96449054
3119140
507757172
9592953
78177195
454314282
9865407
79392571
63306303
543724542
413441572
80336434
86022605
123411316
137259204
37191341
141164927
139263595
396127542
369874341
130153179
800350
2714547
445471512
91663788
6872316
112666838
78304409
119872958
2313241
546437782
71116870
96468134
2235299
4612915
120309900
16149112
13163140
77235388
459180072
16650332
91987448
356103941
137921083
63443994
474043062
135373118
141339371
520744722
104791428
411598182
116348596
119873536
16927143
61259501
6211042
128096655
1056919
115811282
77860494
3462875
104564960
14592439
4116811
5190303
60705371
4284329
103071278
71299819
932556
570273
84187663
412814742
144258986
79727950
5351365
119830038
678430
12164065
434215172
69386875
76947497
2114357
709662
79595960
105644458
87396815
140886001
79543168
504135742
2317860
80223674
68953819
2953526
5605167
60437441
67420602
125544688
627112
92193550
660398
2191385
114998684
16189537
123345698
82133116
70503264
3088451
370599341
108774468
135438524
723855
1120924
361119531
104641484
566428722
62376335
371954191
422202512
638487
3668094
7897971
78177141
380727181
14299591
82664652
55824061
439787932
507333412
121123256
28499271
13180000
67316141
69552404
13128250
68772213
4161884
394026982
349474921
1919130
6765743
6788861
7091363
459628742
13145326
17605997
727540
7812632
519545642
14943651
429644262
2553709
371601721
121215566
1579472
66299100
413746712
365103691
416766202
75794633
355716981
133124874
2283852
97313248
15546831
77902230
2300960
398926162
143041044
66150376
86973983
100080542
1585681
80625708
8146884
810731
72755031
562731192
526581152
105579760
13547129
76389534
3116559
75970890
3129789
375488371
140860383
143171424
6770992
50319711
76438771
922294
1095872
62752127
349878861
10064649
24778071
536910862
451004602
438817782
66983038
17968737
4252471
4288256
367735801
846215
60901412
83794966
78318592
3131286
144445436
421426682
518775872
74401539
85487264
2315480
4773177
97978288
111774722
88328719
61638765
14836367
128453213
116994416
413413952
9962973
552424
64782314
5248862
62166638
15672393
137727927
113414662
15348172
140531511
93442416
401217302
61287079
145619646
124996162
69238315
4709938
76036774
75931700
3432594
145052112
94242264
71983026
778704
131365550
141920399
145501466
597480
63015915
98891574
598221412
89629799
101401266
563873032
457302112
660405
706051
127723579
18094488
13529583
91019429
2264716
113430076
493843532
348916581
579089
568883712
4463697
74825054
7395231
775104
115534960
370959481
906637
135871228
2948526
70232464
14615239
552411
105649982
43782891
141617003
378806571
346866841
20603591
3441578
17014646
8066399
111615012
3749789
73128975
78293115
82323926
77724950
139427991
374110051
7779501
88911095
401620392
60831477
17978516
783963
511037712
433394132
485419572
62166938
13341413
371625781
2109727
661749
70876787
437979042
9812700
66802160
668947
461250822
73064044
18240881
4194884
72308118
115069030
108397810
77377655
4256605
3969535
3157686
61723072
23898251
67532876
17193491
2157863
414696772
532093
852335
80184762
982752
14737961
354918071
103739818
126331817
78501273
601389
559662712
556809
85912355
5356546
61033259
94664188
97641000
70226220
3109098
78304783
4119478
7735459
134336130
70776352
906650
15489381
436551492
4091673
135064964
124600546
143157064
4253526
252828391
344937921
124120348
847236
7555634
94108090
410106072
5093618
143040222
102659148
413413872
7239010
81107742
6461429
1094517
141828365
662358
95402892
1048957
136331198
68335741
994481
15697864
422115142
81930332
98247374
138230331
13927696
14574266
459830232
13141708
4253420
60974869
123791446
12241818
110847986
595051
3358552
72069775
67660198
2124622
72006083
500716882
435800562
3159358
64405478
522271282
15772767
68515603
15179215
429144432
2509817
69000159
60702885
142574592
16580012
750460
361260441
383269961
64074666
60452441
15642315
138017891
414980192
144792216
79798942
4224655
356709091
388904401
448595272
129341694
726810
13247458
61172985
4225617
111774688
70383441
353472491
1130259
143169114
118992670
46711421
15079092
3157690
13832977
81360762
827683
26624951
89077565
387025631
103512990
16341303
15139775
71274406
143875122
96861540
3957953
122604786
99554808
94755746
16404023
70459545
2954712
96313320
361234931
2176477
3334008
7902515
84911323
402867912
29382651
61239660
4672229
92259594
2422781
380390631
3715219
76705249
535040232
79036875
375141931
62292906
884041
3885293
68075550
73361840
4080920
426267222
444887352
86164401
16059770
104542954
83508992
430307022
68452589
7279327
131169332
715704
445792722
66608342
66374220
417673212
1085497
74012522
355173541
7777964
132923304
17606034
13018702
541324
435030192
3777435
71294471
110963590
91400152
84721965
1115403
72012023
670925
431145022
145615818
77724915
89134567
698958
3103097
136215888
66361593
619346
441462362
63379186
136672558
3785085
435246512
9434372
67880386
1946957
7853822
16155979
7270021
7239020
15618526
404876662
1574190
66138603
40078031
72081409
461711782
17059736
59127761
88845911
124185044
101984755
632871
349482531
12169960
106095090
105998658
19271811
80884814
471948462
4621951
98108344
17126362
2529779
601886
354585851
135047854
22799101
61882237
90305563
498313372
7272269
507148112
3142371
121595558
80276300
393460742
80600850
4230901
74357553
15543742
489126902
24378161
408047492
660685
543934752
448467662
125969395
46694251
134588697
415515082
452541222
1156203
140833575
96423474
133959620
124218600
1003544
81201786
91618460
14202922
2925107
3362426
556206122
70259390
17612841
16613008
114026390
5362740
626144
68171410
36529721
71244027
7868830
101022014
5645692
4127462
11441713
17779256
40198471
138551451
14172344
374205571
72332237
10235994
87792767
365979031
2818464
7438792
100869166
3852711
61860871
7310443
119865252
83059124
77022784
60388661
417195062
3601754
3020196
17064271
435341242
139632373
7285510
442643472
424567622
85952163
537438712
449293762
1126573
6488352
88629099
361256651
89078575
434708592
936996
90013233
412628512
95200808
117935730
586163252
2954704
439757732
357617061
89600231
105886982
348183631
410304142
7857354
127127737
595913
688908
380503181
61644184
61723291
851001
122495198
2508513
6992639
62418643
117038328
73064038
131344234
99017434
41295351
2157141
144542718
426213292
378088761
507148102
13469426
4468150
141800229
113200440
424463482
88291881
88692599
3361196
388904351
378037791
100780096
2306152
13132994
138540045
20653321
87897745
14948174
365327671
66109823
126920849
3235464
3037647
69241456
509957732
858203
543025062
70728888
15568933
4773175
3155482
68376490
69819441
280556
79188049
102792958
34992801
3613215
3107999
77104736
7285044
61840049
136672572
5316910
98812948
99156208
63103299
63472098
2936707
133037868
95059540
140747461
15976106
529982731
123038776
29806161
92819032
