674162
375689861
137148948
92871290
482990352
78256685
2527119
140869465
103051054
92818850
92302672
600886
62376331
13141306
13130861
95663070
609244
521006522
397729562
979002
105413210
13975778
72363411
102558108
1142841
124262674
97973156
369742581
95973024
401863772
72004951
434483922
72189644
625672
62029179
94568700
491446942
120739000
426047942
581222272
1126602
84791837
142986212
416053412
12801783
425454122
600346
137726985
498525792
2420477
72160314
6461430
887239
20427841
82410872
67503792
75072823
428974662
2534219
6461427
143139520
538098232
90250621
141232715
4946882
83231546
10263652
77380170
703748
99925946
74461790
390514771
78956229
916496
129568028
54005201
11747945
99976954
7084605
134030308
78239738
7868647
139874035
100598486
416188882
142433087
78305691
15595805
2172900
138546007
908426
435175522
119437608
68046778
141160823
487043492
86453923
56299541
126215751
475164342
91543350
95964488
60765631
582252
14872147
120739020
144293068
514438482
424592982
347279701
10263650
127247963
484090122
78527800
121239416
347380981
74173036
548673
102877932
422039882
128743099
70331833
81211246
5542996
7868648
74126483
133579420
366449191
423222672
13149611
72363285
371988521
6082070
42535201
88252935
128947092
142750884
382267071
3017009
91092625
57835371
390415301
60977514
346434681
423222592
380536201
112311784
568846222
607697962
4952885
362725351
13160058
397764942
450365102
408771142
66710351
129634904
2534222
112662184
106005410
390213151
71630478
907753
61108929
386539901
133103978
103050472
72398864
519797812
451648352
423049832
135870546
41293091
348291221
124062456
133165912
1112991
4311272
13529563
423222552
103214992
391690332
7332942
83111374
78713335
103117164
439484722
86016227
17191428
78977848
104936008
417653842
134966720
132123602
79895460
632493
57630641
414682862
118587270
885842
483320042
520827442
134945410
134012980
4588210
877407
13783451
834370
71137159
2221577
83936989
71830181
83770248
4310808
71483074
124603276
937332
72421684
3976599
7561784
106997288
69008599
784325
435175532
71090280
453492732
463936612
832775
3658608
407250752
73370745
105070128
105069590
67929160
81836128
482986862
2497140
1121641
526633952
3071256
68046772
459988582
399023232
69927108
14629001
503122802
118073272
106636048
14464633
6048740
95570644
111024172
83938209
505036462
124603286
142986200
15587465
860155
62637518
886320
72398862
350720621
12340820
531717181
511035712
76376876
531856461
61428253
9914834
13547746
82257536
76384676
110151936
68582504
71591342
395339542
575053012
565420
71092102
391727202
831350
70411720
44300851
121488468
3087475
78532355
2466262
111052058
62874022
558982
396435202
106980436
521808322
464228502
92826786
107289040
725965
100064002
134952482
441178802
121943778
3112419
881563
2307289
61108934
67578121
676573
520014912
141364119
94496046
412537032
13138698
423222642
706840
124470160
9438906
8930156
92722906
79419039
13783453
90822251
70429415
125606530
6590103
3169698
533193682
350171311
553056552
3098841
72047893
94295452
123598554
131811472
562143172
861317
15177998
107691298
391439172
488046542
83111394
127674211
376231171
17347963
107553540
2237709
120150030
72756752
362297921
70040377
940332
66632498
2300165
351594971
13141170
968866
133577470
16099818
7442363
69271725
121248370
134948092
12687711
96456974
377242021
388726451
921154
474980972
450984452
136886978
438891322
63790890
595074062
434591632
15175385
112662288
540512132
71203766
2953166
371981391
765436
453612952
70646044
65445748
136806118
427580912
2176582
104641006
16501728
70697369
7145717
134525904
450100912
542470712
7812631
2455091
109639606
103117160
900835
75212170
431576582
419827392
87789157
1582485
58071451
127673411
467431402
662113
77273767
44230991
3112414
65297543
86096869
128605213
83841460
3110394
407475212
124996686
708037
79502286
3148343
13785146
95254394
2659940
507755552
3102199
463128872
3154364
1277771
6461684
91599884
13111704
145433238
2300170
103996098
661914
4274022
134094410
4087068
72160312
104337100
4967941
97174954
3296749
1161005
116958864
90416003
13727641
364957431
2316810
103982152
581751632
376588441
70553168
397141982
423222562
5471349
93102382
70036200
546130
346434651
75610675
14489313
914014
88299355
441818902
105270810
440224672
7957517
346789161
417702062
78369449
113366532
71710103
432810692
7442357
412568522
346434721
7857290
130484710
6592573
87957607
98544116
99756342
409355982
140390787
67873528
108711130
106095102
142986206
491446952
16474595
68350105
66190281
357999091
440092662
142413895
2221501
4227704
17135109
71830182
17616174
491767152
541848
366454011
72398863
97786912
61102747
65601869
75388169
3590185
567679762
124105990
54519711
72795470
468264312
564946592
6461438
662103
123607618
378259381
574285
62471660
76395834
70322141
120674224
2525862
4603411
614330
347376721
409355952
71483067
528318351
447338272
95148380
424567602
4588194
140295501
13529560
2509102
81366296
98248558
546013122
540514412
117581964
105069592
916414
2651093
141826535
505197202
1155108
144572244
414838132
137289408
95938334
412860022
5438972
60842359
86660057
3599785
7674865
71204267
104488200
549967572
145429556
145520178
7256259
2174153
413807752
373989741
17604619
784314
680660
122379486
490688992
500449142
101295588
404284422
144545124
71323355
67231431
378169601
3158272
73707725
499988812
662589
14405200
64398066
441470842
68884718
7303326
3112700
786748
530231361
527830361
420780182
3616616
105278286
404685882
6461440
128965602
4218717
7442369
107406138
126572413
3613837
925106
450922512
55012871
136340728
886443
68591429
2315711
459572022
3087241
77998118
118760328
69686461
126846927
126847459
82488708
14250005
5664754
3959408
83756376
88173763
141827557
94195484
2140395
3138832
422201662
98901640
764920
62624907
137266194
135949710
1172328
367550531
513579862
379010021
72371362
97174956
622457832
620692342
7442355
116348608
84791843
105804300
378743051
133115386
91121051
107738822
416942782
3913627
13623342
3134018
118404760
3152223
533609342
92290390
2423416
95343114
143173744
447098092
362632151
10322418
438870902
3140382
63094581
122435364
1105823
2423924
99556710
541070002
141921707
13131062
82025220
361402961
385097421
72171163
130914062
103035400
579932622
110908332
909969
417673232
549810842
62376290
70142183
138811483
1162527
4634579
83941471
72160311
71645436
90563085
444261522
5420475
925983
97273400
538381872
485709702
375437351
576439
6820130
397729422
23407331
4303104
67232347
14935230
62376286
81309688
2760017
456011702
78328510
13529561
382139881
472992702
67929167
3102134
16944546
858008
132201188
717358
556903552
385601791
81656684
410092592
354918041
405096832
99261358
387610251
350423741
7332947
112076698
83844536
76495953
60137451
434591582
556305252
446678102
1102756
107295836
434591622
4677572
376386131
595725
2263033
72421676
346468561
144572232
599423
98545828
68686013
74173002
15531170
13623353
383301631
83361258
45594361
66756023
443320582
137209148
44231211
1126603
7718552
78129603
500313352
105244530
14629565
112662270
77434144
439484762
27999681
385849781
95140962
78191564
95963378
2159811
471136652
139470657
71092101
101172696
12901222
438893622
18348281
533116332
88936743
2514691
124996692
61109754
121595532
900832
100197450
380537301
517043022
392407282
95057442
443022342
4733114
135231940
408868912
62572234
1574666
107606386
15986025
88806553
79587580
71152336
362871201
13839981
404539412
129313094
46237161
66201356
144544992
4311595
97032078
346111251
114477734
84363321
452891832
916424
132041656
65657484
102746452
3099533
2889763
130009206
66025577
64848628
428974562
99261382
1016290
67929161
72160320
92739390
122504364
2686140
104088804
17135115
382428831
3117971
53282131
536421132
10287260
527692211
9836963
97327614
90632835
100067510
122703270
137726957
886461
565208252
123903244
9789955
3168752
623698182
13140706
124659382
91619828
365175131
355727101
606122062
480569842
434610652
550291942
119874158
3087538
74172981
125594878
67929154
354045741
916436
92871274
16224804
481416332
94555846
105499628
749095
472189262
108258890
5094930
351485531
14154273
4315317
2855891
14500375
122440564
402095132
75947120
7180013
69627777
131772420
133733348
82257538
131742260
391346182
563375222
3146137
4709317
93820358
71512092
79426369
62847143
68414397
663571
1177951
345809851
89330183
102699736
7303329
429975052
132635290
104088796
414870102
15605110
71917571
76054605
4290138
145432004
123807484
120737372
491446932
546578
78282086
71067423
12206933
470287772
357511361
65788123
1175615
4117058
447641762
142835538
472992722
66274851
2321655
85576202
98060384
72787795
553122012
13100333
126587209
82410910
103668020
64607963
4118961
128949480
90248141
131740862
93029240
17840805
374051471
75610732
17614655
8146963
82257932
142477297
83111382
73617328
4274021
69962764
399084092
92141092
432936002
73707710
414367102
139874527
3156760
378343181
2221574
145429546
347385721
134781036
616158
380536131
69791407
6461682
425676062
142433073
77410187
1161679
13816480
823129
355740831
1865496
68308136
111777910
4195714
113418522
122439642
61108938
356779431
137818639
70646033
74401451
97933350
613138092
13547842
13727645
92872160
388889681
72047746
65101692
105878272
398292762
72371363
69419038
125971251
515558682
2795616
504533192
882290
79083410
124092592
660828
113876568
4307640
344981371
474275092
12804089
80274516
632473
2530164
553229
507755562
404667812
61424042
136336118
413468802
82257956
61379429
76500485
473784012
108570738
3134036
3437883
116866548
112314068
105389132
13132395
910693
92720046
424150682
498643192
104488188
92425554
3819055
131343028
72421671
365114321
76575944
725715
14884054
421491932
70775760
78213551
403730582
979041
3886236
1109730
686786
142337477
908950
375660351
496322122
489727112
521633612
603946
79587594
6318887
363592311
462849482
2309900
66023714
2949679
7267623
963085
75711295
619310
31038601
6904555
87115981
78366255
130081908
435031622
119936628
3103783
821640
505629502
109562018
116496890
2121813
394000142
62220861
534726
127673043
677232
366297281
583177742
351595631
141433451
75502846
68016602
1109743
142749606
74393203
353468481
104074454
393832822
120811676
142175869
139873275
92871300
107878888
116866564
68977834
75804495
135373112
89739391
119048232
15489383
357727311
380390881
531907551
452224802
116866552
120024178
605833062
15189606
138546003
467652492
14539386
79587582
353582831
398055742
11217163
124713688
15586213
436954192
142405449
86876435
422208712
551910242
3133740
6461434
366441491
145017214
7667059
87395581
137728875
118190296
71039599
143270520
4315311
405573712
543575302
145524532
410349072
477452252
75814726
3582120
385863761
134212670
84310875
2547246
130778850
71137166
35407931
17608376
87371673
13146819
7667062
83083294
474590642
92302674
428974682
550180792
72420915
83837260
360301951
565423972
128548331
94363796
44230981
17972743
68963782
128458659
72059773
13138782
394716712
1141674
142337683
371182241
441821132
140344355
9849814
84268165
142337023
44337921
136340746
562230952
69071715
113418498
13978270
73682285
62843581
61109750
142986222
60784398
462946902
134524340
62843568
145014606
10307853
112662378
121126246
602456552
95854708
14172387
369547691
142835512
94727036
56893391
470815612
546255352
141839605
4220306
106904462
943376
17615563
414902832
105354074
7414416
428974652
87767973
37604781
13785144
14268027
404508522
2847450
705509
560951852
916427
112662370
76543368
97786914
5425042
534462
7245915
428974532
626503
1125901
434591552
417335732
500084792
39544651
408868932
142337027
368529081
3060679
778429
4619462
8159483
423222602
607985
680516
3611374
548342
624575
136340736
78527796
482986792
13529565
81918118
