119872794
3137301
580332
104760756
422496492
98100196
6636946
69404591
78026031
1117106
435906212
3664085
621314432
483916652
386116161
18160880
586048
130413568
126024787
132194764
3164898
116783348
90563043
78233068
15527575
128631421
85918463
92435524
358920131
62891831
13622560
1115274
380272811
629574
342733531
449199522
142704136
1103109
2503284
7868799
7279263
79426375
76438219
592400102
97136646
7562980
75149096
371182521
415312582
3766761
77708477
142835510
5422293
34946351
361484231
569420
393821212
129313250
83385612
472992632
137262366
125973943
362297891
70267013
364915271
120339592
71711927
118183742
77769925
516229452
107831476
13988459
624856
70029352
506214482
123345700
120352046
91383926
358715191
1184307
94055094
134521520
73000889
15604765
4188290
6719344
62496773
984403
132629450
425945832
3582977
80142630
13140064
84268159
11567137
106309878
113792922
2229514
511943922
449199572
105344886
69122695
4254800
72055418
88685461
6558033
59668441
453543012
129635084
4845594
144947808
6278230
81211236
908437
17609967
12534947
345076751
4087063
127691663
108043960
97978508
14879478
9938661
60847141
2483631
88877655
70697285
586870
136349866
60764323
599786
72931791
73917573
110079114
13544754
1090084
540238
6476610
3588705
522175442
112439980
685692
1025921
7561780
552382382
438460432
701978
74790945
383962111
381431801
452224812
6494274
121057740
398774112
88726023
3754884
86616173
580964312
71590748
76757572
7583578
72203567
69051635
488038532
1183887
25522371
70142179
78335861
90619525
1175225
598721
109701554
2162743
454539272
351669311
581085
95917190
144400714
143784184
140398649
22643341
134757194
62892174
117794262
131354174
69814110
69424352
966648
99156204
101487740
219080
10066213
437979102
61142707
5169795
139405105
6278743
132201200
402868772
28856181
910851
347479301
2534179
13275699
72059803
1104683
3102137
20138821
67300599
60842361
144389282
17940011
449197522
2445371
62119017
2820791
2310808
65452711
6574881
18083686
108628266
475689602
114237708
3134928
76004244
118195246
72066699
378743901
69424329
430554282
128910718
7510375
126016389
71904946
4588211
12452074
1573881
1143619
107689628
7272292
92383524
1572660
62664202
434503362
516175922
371182151
518888022
425658452
101887093
116485566
99976976
2498437
29199301
386961991
456840572
119875914
69722265
17682938
3103991
134827614
129028176
105011246
1161017
119526052
383028381
2437152
540048822
3577856
418812722
82410874
17392863
3588711
140345969
111031418
42872151
988423
7484959
142193361
362777081
112350068
4288219
1579705
581386
138128007
386116051
8081193
77725068
105167444
107763532
95448552
103745998
914501
3075943
347554731
115085498
63445698
134996364
112661754
459297912
87650491
137729301
108497900
373780831
373045651
141719179
5495770
138540027
140861953
725689
128179581
61043340
705152
7332377
124186286
414838162
4733116
84694345
2438123
61872729
137726967
117062340
134047482
367787701
107144570
61466568
3181776
71645438
401708292
75473394
61700770
135980080
109734490
13796257
605486
110805986
263351
538146
444718352
28774871
2176853
77058641
67322243
77836803
356902621
385892831
348284151
104166518
385446861
122577456
4711053
144386232
2319418
7408110
103797926
127243441
370776501
376483271
83116660
481681362
112182464
540738
413695242
95282240
110296784
90408901
62070467
86834931
99156194
125621132
531822661
142705696
126542781
97053162
685248
3110852
372270501
414838202
790933
71407123
14519028
73302310
91885508
15485815
129363154
132201182
785435
72294268
5199221
70430499
113277700
14490160
526205052
2547502
451136452
15275836
121619344
2986360
125201724
910273
104337094
80722286
7703898
15597948
62084946
29224771
10206204
134115432
102920700
662127
62251673
103152374
135242850
5785689
414354612
80274520
17162826
137725705
93630832
2166346
810793
396246662
124062452
18225285
6992753
17497153
132201192
130012250
555639112
3129582
81230438
6640575
62532337
80678800
475164402
491052052
14616013
62376347
70744512
105717732
3818864
75734596
4601779
97446850
2176861
421491132
10160616
909001
61249500
870857
71099140
608756
66982967
132465498
935403
61394937
78039538
115704322
58779051
354917971
91466788
12913612
11472820
916444
77849400
3413187
75834067
576851232
12711111
788974
15588515
141345649
413820222
14465689
85893509
84791265
13140481
452629822
9951183
676178
10349708
789214
88150943
430415282
100124048
100835978
372456951
1110046
92830170
13244574
373531171
381206051
61147778
446689142
18084689
130914064
1158836
98237636
4619483
144192286
135972912
94366078
39763241
397729512
498519722
13796245
110954680
580705262
17944088
1171752
135029662
143165952
907774
62577736
881851
144547528
91884158
128458671
85454318
376480921
99312794
392243192
2183990
15107842
66506869
346098321
68236798
75624345
77834443
70991938
127167835
13162037
609298582
75197457
1579277
479801722
132201202
4761586
471581522
124659390
16712483
68366955
86312577
93557176
139674793
66929769
506283702
70067409
133584886
140338851
74672929
81075570
1053678
133105228
2158091
608653852
16339554
137099510
4622458
83941475
93688090
101743279
140356575
115000020
1216325
112875264
63178562
16015035
2522928
98265300
3964784
114313178
396461832
283752
4132637
70591354
67234552
93416570
117376888
348291301
5490693
58391191
362539461
542021
4694980
101792903
62146770
14068725
367729261
1327864
140340541
70016985
90795167
76563091
76272882
113424358
2477046
67795291
561134722
120738710
416259102
378666081
2251567
114238722
101764797
480769132
456962432
4368123
72370905
125968031
72314624
2485128
98408444
17606093
72359937
98408464
2285264
82193316
108075540
16061231
103139836
119205668
120152048
138433645
7437870
12226430
94184746
13711432
4764224
596589
1143488
296869491
469414122
359438921
370793671
121027284
6815366
412546072
568201072
439862962
112350084
448622562
677211
128323989
12493563
63449140
104943128
90670831
88552761
397592242
5223159
3410796
678894
479021232
2525791
476195172
2934751
7419122
5479982
4763577
17420676
94107312
455697072
459413432
126938657
88824737
2606173
4253142
16150099
482912652
122882544
3129406
68350107
499737852
3906793
138768067
129894952
113226118
86833855
128551423
500400492
2525873
586084
79957766
62743219
354045761
1140665
77349224
80077382
4116963
365418
3513647
138958295
2553807
127805207
101782253
96258022
67845891
81837010
447794642
437979152
17390666
123409078
673432
76211030
15588507
3551677
2917316
3112221
125969379
124737158
81386346
109512200
409642782
10245003
367505291
661586
69390141
17604780
723563
502776542
85986169
72067628
131144682
132625750
730808
14509810
412547912
2440652
1104670
66773620
606117
78304481
383962131
397419532
434192412
418315632
137729337
7812669
138130703
3090559
694629
3104596
7151881
4672231
70512005
1159159
2295357
4099852
357724051
1085843
69552395
423598662
126847599
104377432
408721752
68951939
91384522
387535471
14880829
70584825
7256262
142696126
2587398
61723062
425184592
75920712
140183319
293192
68772205
136804010
134919812
1575375
580851082
136494914
17610393
136484236
410977472
41105041
92399530
94811670
411911912
84763005
118601966
597360752
3112427
87358201
70094147
7706004
383013941
370862961
114437798
491447002
586181402
137729527
451788042
23403561
471588142
135876000
95245802
423552412
78982394
1172426
128846781
71684843
64671716
442693242
87275809
453904432
3957322
74816416
135394504
63178555
103979510
12000806
71397288
66604546
65644538
441200632
80092824
139955341
535202
84310911
439754522
106386630
1620782
94070254
126844197
125753236
68582505
130007482
351669381
13437965
23407031
18818251
396593792
14393614
91005767
405573722
563218872
72502189
144776940
108117214
3611381
489012982
110256510
117126848
125385370
3072020
438905122
123635838
67670226
29199291
520260022
84965601
83936983
89845441
549979
101819685
14348399
82179544
59509431
393898362
97155888
75749483
