3135287
125499480
14343282
3155354
90248139
3122974
69136290
11510817
134336162
71903707
70697536
64699113
138779447
77913401
371625811
140339627
87378337
121685736
10235995
4289176
62376288
128182005
420862012
143401584
78321315
75827311
135835808
379609971
121254876
413413872
16335464
68075512
79054465
70078100
680648
75871067
1090084
77468106
100068966
131998458
14647478
410045032
377145571
537726532
9938661
76686869
360750601
431649352
89824825
66318860
350720621
2577952
6586826
6180078
118184426
95619750
3969535
877407
918048
144572232
1563536
873296
2496730
408767532
61424388
5786006
410109552
414198442
438359142
138546011
61005809
459977242
3129785
10446169
82025260
510809222
3164670
293192
66960113
422202592
7600180
384667451
65930773
495875862
92871184
14954128
370962431
987553
90408869
84668451
78016628
3912152
56725621
373440781
3845626
532968192
14876844
2793756
2430327
67239288
81309628
142375213
6720549
136283586
373297871
350035651
61700778
13793054
7667057
360302011
103051040
1140665
7624179
410107142
354067221
435175452
370682651
3157463
71512437
107338452
118585010
365371901
994496
118731456
67876811
6648191
362577211
387278741
635647
120001912
61442923
690032
119437870
17347979
4563484
1113002
85381880
555749
92722988
374339871
85951207
616416
447641762
3152800
13464245
2930740
99332222
3599383
417767122
81364088
68849301
14738292
70624664
3499310
532547
76214374
371960541
92213464
99348010
60774734
502108732
6697440
90728681
450926262
69001860
1334779
432212762
365701921
112893956
377261671
2630343
7164311
84763747
3129431
87186229
133513680
97022212
2686266
131751018
892928
503084842
1436163
71323824
7681465
114119050
392153872
68446354
422201652
109701552
3232684
70009150
40483211
30350711
575061392
142650880
61999252
2229663
286183
416521872
558774
142701952
2525862
65212064
366456451
7314604
70196430
525063662
3905636
4087126
89123711
448779722
140634277
13159670
994636
450906322
579900362
3528853
74592314
16569071
75670531
69743415
124262672
114802820
7667067
2851822
442312182
136710424
8146779
123119324
84100217
916829
958976
7011719
412543032
460476062
778429
431467612
3928642
106521338
917233
114438546
2270632
3275349
113867918
629574
17607181
14825469
90769663
119056470
130414902
61573280
76199146
126331805
116655862
71078417
358684501
126029113
412628592
480183102
78538602
3167611
66553426
72004951
351537711
4895398
69552373
409751822
68628123
5495627
76391447
3886179
72521506
122927604
384171431
68648494
131605168
75541072
88007489
1025921
356829771
11897620
893027
2184624
38432461
16108222
785344
486189202
506916952
125983795
401788522
456955642
350019281
431375542
17258766
66190261
573387
3232329
2640448
131737554
945217
375627471
611510
664444
365649491
349710291
78369389
14164423
913693
460294002
922001
604054272
102429064
2630727
1026366
72327966
414758852
66724901
138546817
367555621
144940636
76543389
832787
413413912
454265882
72151869
81075570
470137032
109500884
360301971
137796615
137496504
8317023
62724016
14164429
3129687
609381
6600680
2412065
119126240
5404427
68070181
7562978
117726084
109576268
12655860
109704460
486928932
116440558
114138690
70322142
61260123
2907913
126844203
72547070
120036840
