69779536
69734951
11844871
38019911
69051597
142706538
90661169
16501728
126848547
128458659
910074
67354825
75072795
68861114
1079668
90822251
74085452
122703266
88969467
85202734
359786391
907714
470287772
133135258
66461930
916445
74457141
354165291
601013
70697364
70640498
72427143
129324466
16341245
140889759
3090793
476138342
17347967
114396428
130414940
89067595
936899
705770
99543916
530917961
73724283
455366412
94400578
139216535
72167621
1015862
103365090
452224802
100456392
112662368
2282841
129632308
62847146
67238732
3787855
129632290
86730957
69627778
525343612
3765804
109171726
377464921
409473422
96818170
363542451
372740221
2312047
74609140
549995
144983772
455366502
89067555
13797108
89570667
18063167
7080799
71836457
346578511
77542036
411784682
579496662
78768125
89458301
11732038
388726451
351583191
91222488
431492032
982678
144572218
90248127
11234004
131743158
2184465
2101574
84791837
72098144
4288159
513360622
140182699
79875054
76535457
60831419
75876890
93477522
547159922
98320712
142175869
2263033
66266874
9997018
1022290
110230842
132193346
109702890
73982869
60200391
98674398
128706823
65735114
354918041
126368273
2994504
378796161
12791219
72314625
8086130
132198352
72417244
112076884
134948420
133203840
114811546
76494244
140869461
79251649
11829899
14993990
76292212
73284511
12984930
71645436
114395862
