16331689
660754
369397911
5169810
13839794
5454980
123607618
111895302
90428591
17811021
1182053
71886494
106218088
534574
116485566
78951583
732907
135555950
99625806
125288670
2310085
4468054
1121618
14574291
117664520
368584901
106746752
120766084
69335801
23402981
77030935
7282591
594992432
576740912
68452589
13132399
79598884
103984618
93029240
76101968
14629000
70322132
124239038
439484882
61692426
511062522
100785110
3210572
95435488
60752236
500631082
7578728
127374429
424727452
485628042
18091659
83235568
2925107
7291252
6907036
80206410
84694349
6745596
72370932
16418222
103249416
566207
351176391
14630393
70422968
60784398
394886412
743689
2417396
539465292
1119020
85734130
557634
569200582
13167075
72840677
115416828
953278
560112622
85484810
14175534
5404606
93525928
2509817
2125122
76405431
574741
551853412
72717414
599964852
15593563
90214703
75063691
119291064
68765122
7321711
396593792
78304442
71668226
414880962
72332237
12565424
5545299
139872789
107688916
689509
122539400
7978344
535487132
77483775
106746764
17690837
67503794
95245802
129311554
145052236
429903482
2187335
103306138
14893479
14932045
136272460
8086843
3616627
355955421
70640867
113516122
32936091
1221719
62126185
67155298
103284552
4207595
901074
12345247
141340373
61639912
2813982
906577
506372052
71645439
132634792
366068721
387610661
134881860
1141631
421176752
92719902
4710350
89239759
62680833
130602214
69000471
137238472
105359878
5065375
5679611
145068166
10446565
577804442
98485036
114395830
67446407
5275616
747231
135385808
2954689
132635814
39407231
566975142
75297344
357173301
80003206
134110232
8656462
70899931
129703894
13471100
64848675
91934732
135791846
579934782
957318
415561492
2929370
78069048
80870286
686786
689481
101087562
468407512
120989056
13689278
552772662
2322228
25640421
122358014
7270236
949462
102242728
67511669
2289811
13144433
67043106
131869054
66027696
27683401
547577922
61490580
71762927
6943127
270153
71036106
140634489
27099151
416199812
61424046
100338178
95966370
393662892
14405200
6945268
77235395
74693581
907753
94535892
142349167
398428062
77994741
62067423
14573151
140285695
358658271
42876501
388958021
535479592
71892517
4668437
391369572
70128385
370682791
15962407
419910692
368882211
61046485
17099646
92210382
137991707
124239024
4123072
7936629
905690
7164536
611757372
1179383
105865974
103052884
30516961
2300179
910851
98890726
5404536
61721047
2114570
114065290
88328669
141453073
114282144
135373102
107346370
419132682
14464634
134524044
4229766
84737111
492366922
5406700
75526546
126771857
134648274
491340442
61820558
3112220
72759956
107541568
4162085
671270
412537052
472898492
98146002
3039828
7533122
725254
3166455
17881354
15051379
3287768
128548737
962507
68515278
125866317
345153471
68153261
522185792
141338791
3015630
89874967
137259116
13988459
344467051
118731448
791305
121648250
515617522
348291311
65721417
415561372
144665838
451527652
68765125
120307594
443082632
118830874
15986025
111052058
84853869
142378795
368495281
2170703
4302759
138738365
6969769
136216136
96822874
70079544
74233260
523332
69552435
552386
14486204
121596654
78152484
66544598
107742762
569166732
460278552
89125309
363542501
67780209
62351303
6416097
127248319
412067282
14031424
20508461
351839171
1125081
64784697
90318205
725274
10101814
66750409
403639662
66839180
429292002
3109102
369673411
18205230
10313067
1433366
36004671
82440224
455476842
2813992
143954172
2114514
14211330
1182050
140870983
72273850
76391450
4603175
69075528
16711145
723563
815330
5975543
545235612
17258746
2226960
353382891
546594
3905670
95583204
41292391
77043449
356673641
133190016
82173128
7408110
81404754
84842511
397729442
572387582
62247529
69390142
2430576
566760532
423222552
84668849
620518962
993633
145000990
124183416
447098082
7760348
16328613
403699772
3088064
404310102
499989122
910026
144388354
85893501
107351022
68305918
4253436
509041232
3819055
14880622
83059222
132159976
956507
430951502
906597
576857322
363750231
65445457
76738734
6592573
17612758
344940661
7562986
518989582
403064182
439179592
79418131
144944460
141467499
906574
5817089
93525924
7332590
135405482
89760595
70833746
12700085
1601661
62028342
7868872
431467412
998635
76376882
76154184
10500352
96438278
6442506
542470712
514852262
263296
506193722
75972948
66589666
445804582
1109743
92720038
371954041
75326700
12901206
4585689
559788
1170312
429665312
2498746
368705221
112744112
62538279
3092826
104011160
2523094
366441431
515490382
109703512
112667058
3932603
113788304
76438206
125043006
562758212
354918081
7438413
16036038
7868831
