3614665
124433692
124262674
620156032
122447460
76520669
552383
62029179
459990712
71247303
723836
64402469
75057000
78545628
129568028
70335406
67858680
520827452
134524258
32118901
66480897
962260
64680912
71253927
62847150
3167612
131218566
61142295
12452085
2534222
7978738
61108929
403074632
71078033
408755442
7340163
72372685
5363024
130852382
130427848
3658608
358658191
61644195
69122686
110230842
482986862
2497140
5617992
118587622
95662840
13138714
104867440
6048740
2889780
582260512
74077847
76384676
76411968
6113105
7193834
67795284
3129413
994529
420269112
16131067
14464631
106980436
66314771
440823782
116348212
2525866
2464635
4619463
3169698
72420916
367727711
391439172
3616531
427253662
135440792
73135389
473751692
765436
3152105
4077573
7145717
103117160
137441372
419827572
435175552
85568196
84864447
13111370
81763038
13165897
429975032
13483750
954806
1161005
3971812
60842360
1015329
4732798
13842047
1141168
441818902
600153
75716617
101615319
1178340
3088055
140390787
549918
4227704
4311596
1579265
117692656
129050268
3129748
2525862
136408148
136335986
68511564
447338272
78588920
87667843
17561482
505204262
970667
79283107
6310384
73981765
71678228
7512057
371373571
17347967
485124912
11210435
96461846
451825062
62166933
526565612
144526090
104011162
86039919
698260
3134018
11011566
1105823
106062116
72171163
2043943
81771792
1123889
78282093
70584821
89458301
71519857
3978446
61110497
13982006
5817089
135369728
65445466
7718552
95963370
141822951
7146297
88375989
6435664
545099342
3155471
498218402
446443212
15640860
89844261
9997018
630701
1167710
3099533
387038651
561894112
435175512
2312047
137726957
16295505
136336114
65313430
132807412
2855891
46226521
70054724
93820358
62847143
5250944
15613379
12206933
479801712
137281944
117303522
128949480
8146963
425012712
17422308
11390027
4603407
61424047
111780390
61427205
4195714
561863332
4315684
12159134
351553511
3137332
104609622
104952384
1175626
80561460
76489524
2654326
44210501
555640
68437773
15177424
98253574
131343028
125539730
106301610
106823334
75819429
64413032
132560802
344681991
128877086
490680972
349385251
135373112
119048232
6229285
3257867
92141136
3028628
353615271
511431462
114811560
72299954
410349072
17135110
393896592
5404570
126368207
142335443
77897440
44230981
66283081
14383880
75570431
75557230
85734130
136101176
13651717
64039357
83059274
63015917
17615563
366467431
705509
676847
39544651
140295627
7675615
10162588
2659988
3092167
