3521919
3903775
119872794
7408080
13020396
13792835
3135561
662877
61142288
382475951
386116161
93082268
69458847
92435524
74550239
7429129
2172656
3089031
6789683
96014384
67377157
67447875
88715377
14748019
7868799
126338367
4262789
86331397
6823876
3159499
13840347
5422293
56537051
6541730
61223774
78492089
2963498
393821212
116953570
392763372
72273835
80259072
72925526
435109212
366514731
3923368
98837558
80714980
450782142
455743202
120339592
120559578
65292601
107339446
125969403
4761546
57631771
382497541
4123268
113756126
84151895
354487411
13483753
3159902
888034
94055094
14044515
512995032
14913371
3366433
425945832
348200701
6973163
80142630
143187576
79574030
2795615
10560206
6697440
439800102
70562307
68240265
104069466
88685461
3852723
14681035
5785684
3698697
84310993
107757986
62664203
64707771
101082100
680111
4622831
127691663
108043960
4832319
88877655
126907395
7035324
52716131
132277182
63996803
110079114
10201930
286183
397748692
4274003
371674581
142488793
121057740
420792062
117056304
7868864
366440291
400690252
69524336
382453631
79727562
10201935
22984801
344479831
40816211
3129031
61308209
508312522
142743342
13569425
81617628
140398649
134016666
121595542
86877141
69424352
76273039
986035
74526020
80617740
402868772
910851
419177972
386012271
67300599
573668
351176391
142575334
62652680
400305982
4286585
100780080
584661
65452711
79311681
439787902
74088366
516225412
14888231
70404896
85202734
139104013
77483407
7294851
415915822
2847452
137198620
455416502
131875288
128910718
425709182
14784307
7510375
88209961
79983540
129374494
69593854
7395216
376985881
569329
79073684
385496031
82751238
137796615
61350123
3358382
7088338
79567052
4301863
103503102
1114651
62482713
360628591
13140493
13230810
136802846
382268451
3833667
70274248
532527162
70943303
7721771
70602531
61100792
54842631
3107318
42872151
142193361
375380481
5975401
581386
906616
14481861
5475067
116528782
139301749
3754370
80042102
407499012
413413822
63046477
62319145
96449054
507757172
9592953
9865407
79392571
63306303
413441572
128179581
80336434
86022605
137259204
37191341
141164927
396127542
369874341
445471512
91663788
117062340
6872316
112666838
78304409
546437782
4612915
16149112
13163140
16650332
137921083
135373118
520744722
104791428
411598182
6211042
77058641
77860494
104564960
14592439
5190303
60705371
570273
84187663
144258986
385446861
12164065
434215172
76947497
709662
79595960
87396815
112182464
504135742
2317860
86834931
142705696
5605167
60437441
3110852
414838202
790933
71407123
92193550
73302310
114998684
123345698
3088451
370599341
108774468
1120924
566428722
371954191
2547502
451136452
7897971
78177141
380727181
439787932
507333412
67316141
69552404
13128250
62084946
4161884
394026982
349474921
1919130
6788861
7091363
459628742
727540
519545642
429644262
2553709
371601721
121215566
66299100
5785689
413746712
365103691
75794633
355716981
77902230
398926162
66150376
1585681
8146884
72755031
562731192
526581152
105579760
76389534
3116559
75970890
3129582
3129789
375488371
143171424
6770992
76438771
62752127
451004602
60901412
83794966
421426682
870857
66982967
85487264
2315480
4773177
97978288
111774722
61638765
14836367
3413187
116994416
413413952
64782314
62166638
15672393
401217302
69238315
145052112
71983026
63015915
89629799
563873032
127723579
98237636
91019429
2264716
113430076
493843532
348916581
579089
568883712
4463697
7395231
775104
370959481
906637
135871228
907774
14615239
105649982
43782891
144547528
91884158
20603591
3441578
8066399
3749789
73128975
78293115
82323926
374110051
88911095
60831477
17978516
485419572
62166938
13162037
2109727
661749
70876787
437979042
66802160
668947
461250822
73064044
18240881
72308118
108397810
77377655
4256605
3969535
3157686
61723072
23898251
67532876
17193491
414696772
81075570
532093
80184762
982752
103739818
126331817
78501273
559662712
5356546
83941475
61033259
94664188
97641000
134336130
70776352
906650
135064964
124600546
143157064
4253526
124120348
847236
7555634
283752
413413872
81107742
68335741
994481
15697864
81930332
98247374
13927696
459830232
13141708
60974869
123791446
12241818
3358552
67660198
435800562
522271282
15772767
68515603
15179215
142574592
16580012
383269961
64074666
15642315
414980192
356709091
388904401
129341694
726810
61172985
456962432
70383441
353472491
1130259
118992670
46711421
13832977
81360762
26624951
103512990
16341303
143875122
96861540
82193316
122604786
99554808
70459545
2954712
96313320
2176477
3334008
402867912
29382651
61239660
4672229
3715219
76705249
535040232
375141931
73361840
444887352
86164401
16059770
104542954
83508992
430307022
4764224
7279327
445792722
66374220
74012522
7777964
63449140
104943128
541324
435030192
90670831
397592242
91400152
84721965
72012023
431145022
145615818
5479982
698958
136215888
63379186
3785085
9434372
67880386
1946957
7853822
16155979
7239020
40078031
72081409
461711782
17059736
59127761
2525873
101984755
632871
349482531
12169960
80884814
471948462
98108344
17126362
673432
22799101
61882237
7272269
507148112
3142371
121595558
80276300
80600850
4230901
15543742
24378161
408047492
660685
448467662
661586
125969395
46694251
415515082
452541222
96423474
131144682
133959620
91618460
2925107
78304481
3362426
556206122
16613008
3090559
5362740
68171410
3104596
36529721
7151881
71244027
4672231
70512005
7868830
5645692
11441713
138551451
423598662
374205571
72332237
10235994
2818464
7438792
100869166
3852711
83059124
60388661
3601754
3020196
435341242
7285510
442643472
136494914
85952163
537438712
449293762
6488352
361256651
434708592
936996
411911912
412628512
117935730
586163252
439757732
357617061
89600231
105886982
127127737
688908
61644184
61723291
370862961
117038328
73064038
2157141
426213292
63178555
378088761
507148102
113200440
424463482
388904351
100780096
138540045
87897745
365327671
66109823
69241456
509957732
543025062
15568933
4773175
69819441
280556
3107999
77104736
7285044
61840049
136672572
117126848
99156208
67670226
133037868
95059540
529982731
29806161
