99312812
94037380
426047992
98507878
876457
82257538
14617375
7294856
92818786
12317607
356970961
79363287
139167977
10237924
529681931
75282563
90563079
10206264
135549316
140340463
555923582
576178782
553193312
1087017
129149456
87458199
145429278
4167841
74569183
366393971
379767491
13020453
431375542
360847121
145434006
13499104
85504204
14834539
12791878
86541425
352145811
69796482
586087
138244817
46212481
107541556
540513632
66266874
365371901
4195715
422283412
75610716
565420
15636813
122435366
17633960
101215452
144572216
451840872
424880222
144445416
420896172
8086129
128829917
451630702
97342142
3588445
140839899
142778890
3130150
62070468
449199612
439189402
446738102
428308962
6682860
73064036
564072772
90769663
552827032
2544628
543575302
395500832
141433471
393622032
78712307
115021500
76242037
61613388
94330906
62932959
55824061
75812870
576178872
413586042
606997592
142563070
110958650
585699612
671270
574668
556225892
7779488
118187192
405200792
117485378
140182699
1058153
346434701
143172450
694618
119183104
93477526
105878272
605313
477452282
97537540
539864242
127757415
14164454
107544242
76272587
373954411
482986822
7363006
493858742
3156143
7675066
12819942
3095193
118660566
110728358
135817210
142744846
143183940
374006621
360301941
73528760
87961311
130414916
419881162
369108791
130891258
142747752
513879202
454305542
352921331
142343401
912742
82265248
469505352
607684
3155135
138546003
130851728
124893880
137833941
610989
129276636
141780587
370514711
98549320
397305902
109702890
117167720
76543368
71470675
361134661
135527558
436551402
72059729
457299782
11964027
563008
129009624
136339984
445238202
92877608
13913367
88379877
2793756
481416332
69335874
371323091
91323208
467697782
400520302
143229170
367727681
8035981
467551272
2112351
86233459
131748906
93477522
126368505
351669371
500012822
122016704
402653932
143169092
1103106
142706538
457266452
28877401
349612061
431168842
75624818
73913591
13543966
144948598
417355462
491446992
66608880
140421811
412058912
119874158
145043414
140869481
29378051
68350110
17347963
120380312
110955880
2511971
77380959
128855460
422201662
133105770
1174151
382453631
112342300
520827442
62376286
115354180
2450613
556779102
3611525
379609971
419756882
402932922
574045202
88786069
85330586
4636513
67578137
437676342
455599962
905711
85384674
88903445
138000531
105863008
76521277
110148950
432350792
5645243
514943612
137724065
412359702
118073272
380507791
79727562
65482414
70552650
12292152
88262095
126345949
520594982
66266887
143172402
14882312
68944619
110451204
77383505
5404548
82729972
425604742
376800551
3055975
8146639
139102823
113413044
125914625
130106374
109797158
15642227
122437314
586642612
141433449
77306366
374728381
110265034
95956414
500000542
419820072
474046422
777611
109864130
2121812
70562475
17933679
16433484
543120532
35407931
77445961
7675403
137818541
123343252
5351361
86034759
453844432
14164442
396292522
13783465
76686869
127427711
593721182
69001869
313640
134527356
144948572
140119843
105710116
2438254
76542239
126534891
97096558
13131061
139936913
72793827
1564562
405528712
145628314
487381372
3874974
110230842
2124370
124150522
111780302
398863892
371954161
354918061
491767152
70252246
629899842
3133833
86953425
60810700
106061604
92213556
1436266
413413922
3165194
113420826
145429536
46417901
71432801
553083722
80653548
116348294
411701982
425987342
138439733
138546005
90214465
490589082
417336772
62417273
64281382
70269570
442693272
144983772
465497022
14875478
71220746
7634922
67950726
958976
3286437
17690609
402813452
483588812
135301060
419901232
4232298
115705654
132625718
3501668
118190304
14748268
69934731
72047954
532968192
435491482
349850501
352140071
10235996
75800616
581751592
834486
916259
132937448
133577362
67503808
2431286
472006062
142837994
108576228
133513680
3129616
691951
908987
386093251
101792921
76734219
69879254
5931803
4670271
398055762
372815101
3092826
378319071
128548147
69257847
140061427
79543160
124638416
367505291
74172974
567679782
71171865
62070467
3127387
130548840
87369821
354703401
107675526
510905922
136350298
392629912
749095
422201652
358684501
103139834
459958652
378101031
457302122
125543090
133103630
9815458
14615242
18063015
88717115
78282330
71301140
70631675
75526566
86833875
106218092
521808322
65723647
133143426
61421428
103598038
127297907
88692367
126088541
70403435
399042432
371903741
887238
503294922
522178342
347427251
486928932
425662702
10186834
366068721
445954892
144572232
113799388
378278531
137231524
445666982
14944633
579098752
3129592
142253725
3164709
98502718
916445
550461092
97003746
371800731
461623752
602353
141336735
101149378
69000284
2450633
378101081
104223596
95253858
3053606
109517606
395143972
347497961
81914572
139104013
144958910
139937935
352032821
2509102
68908956
473451062
126924691
788457
13159656
552825862
362279351
126320535
444261522
138788625
621263182
576370752
104520644
64471364
368959171
96259784
106720966
68788691
2793754
541387
101764817
439439012
134401860
2550600
112835966
385295641
59054011
134712308
429644262
143103740
131182450
107900036
441462382
142105703
134948406
72064755
456965072
145248226
113989352
422942432
17610517
448021032
448163682
538332032
513195152
69506316
4225613
73941763
496492462
130411296
5429931
75127976
6855117
345300341
127266773
370694171
920893
64979172
3826696
427542332
4315319
112662268
423029872
81768478
3129993
76560668
2429775
2920481
428526372
10238536
446230702
370691631
105992214
3760083
54580291
107900974
428556102
119874588
118994428
71469176
129666186
421321002
79363297
12570985
99327580
135893634
906628
103287700
3091992
130007394
14414646
426572802
478896432
139563489
67238739
3156389
573107172
78282086
141921707
404420162
446623712
126272591
106095092
678894
106325994
90003143
497778812
142835510
374278201
4622721
104416192
427607542
876430
2525869
403652562
383684421
134523622
397305922
130007642
144388008
485152432
70283303
446702622
514441702
2487331
442693362
90071935
78243020
398515122
353115441
84852947
123793864
14348399
111263366
14509810
145631686
76854536
122882538
397571982
3148103
1808972
69272557
105413210
135373136
14499491
347376721
398519162
65356217
1067383
906616
124990586
134367434
412058942
471398872
15587475
437290402
396704922
14232486
9860445
129634194
508351842
64066479
672770
1125919
422305782
140986665
421758612
2124371
102172422
1151531
142475649
3093994
90378455
112662288
16271467
121375070
66505679
660760
2166346
410269682
385809061
111837410
121254874
143983976
13129211
414915642
3127743
105804608
412534482
397419502
124526598
457465232
76220160
546898072
134900736
121696256
98674398
128948300
130852756
422065412
137730123
511515822
145012392
416876682
145344676
141206897
81363982
378820441
96843800
573445402
143323764
496613512
1267565
129134702
90383247
351595681
135253734
700383
442932032
79426369
481379142
72712394
143004092
2428523
116348464
134949594
134945400
124996694
123657162
408522872
128706965
16878796
368707921
14738294
531822661
3103349
492380622
391518552
3328122
493900572
416942782
105281332
111645632
4195721
81404800
475642612
442235662
79726422
361670711
571884012
121605116
78232946
3668094
99429020
670897
674711
3754400
7278500
606997632
109541074
417965202
99408480
638252102
510600612
406731442
119233674
141729325
17610820
3093990
3886179
4299859
69336128
17606678
71067422
362917171
17607726
142336921
439757832
607698022
135026562
74077843
97459236
488038212
3156453
1868580
441192442
128796559
415374412
103100390
73913951
106386630
92352286
141338477
415374382
78099009
694606
15321323
462849482
439279912
576431
493566992
125922561
101151120
506916952
857501
110118556
84668445
3130151
4969003
58071461
94330420
422496542
490821062
912495
61775395
479801762
4640032
135374468
491224522
92871284
916343
456965032
423132742
123341280
383166281
430307022
97095584
561894112
449017482
119030624
134945032
3164701
594882932
94935188
1015296
5939851
367555621
561856742
3098261
13791941
134095456
53833041
517215262
133062652
623955982
54106961
73696391
502774642
81263834
61187738
405676222
453617712
2160845
78909992
112744112
61108942
433195152
142337691
89701999
513645682
128794897
410029002
109176408
128337427
452769552
446457512
379609761
74191300
4134355
368714031
5081557
345347511
103051040
138344483
101353988
12446066
142343659
2654320
6469108
101541774
10239544
452663722
536420992
118190316
121725894
89067613
137260120
137727241
2315174
2263033
397169532
424641942
370962051
357737861
506283702
111780292
361354101
105770260
136341772
505533962
126368099
78956238
73707684
1067076
3131640
886443
572537082
370254361
395723732
66506869
142986216
916213
125511968
134950724
83921609
66284380
111406252
106674714
391361622
133105630
106061612
84268159
14164453
98244116
557997862
133059130
112680472
3134129
67421145
135390128
70389704
44586851
136377026
684718
128153251
140813717
429756152
545603042
98701780
66789513
95112350
140179725
94664198
120554598
20720741
662113
101210726
393556862
372598971
385770141
357735571
132201182
65749312
417653842
128548519
4602454
78498693
84791735
130854752
8112357
70646033
145415166
129053330
361097991
2320091
118669282
94281616
361064151
12756253
397113302
103635124
99601782
129568030
628313
422208012
84669149
727733
94754768
6624021
422202532
936899
502733332
539340682
2171502
411567892
412576942
1088123
383749461
453729482
81363986
845617
446926502
120775656
123669746
102208938
106569462
121125126
77921432
434190222
1139271
380390631
104782260
413414002
141509843
81935030
99976952
94467546
3130292
134690294
379260291
5093875
126683131
72823266
845621
3118577
60840057
561856382
140601301
398389202
4736314
5959442
77992043
5093607
4008364
14880461
3116994
91282350
17135120
85372100
567649
68116147
75260071
413413872
140988275
513360612
562758212
549146182
350151891
3822647
438634832
145236188
349385251
1178340
527267591
144393732
125616736
94771334
571880482
565208252
9938264
568138012
456616002
80333946
76482997
393898362
4538913
143602136
131351880
126772729
137726989
2285896
599964842
1173717
44300951
5981840
392906602
374990361
370959481
7613150
4307634
82380104
111840066
553762172
78671164
126376117
115594024
112938772
356207101
584661
469088592
390514771
111781074
69303686
133102484
144995592
354585851
72545945
2693369
107744184
67867641
567679802
2172214
141824099
132193346
423222682
356207091
120732084
3501645
102400506
412056652
456058512
3657902
414870112
124713688
409930062
71590745
460152592
361484131
1151554
124112634
125972317
514512752
116440554
345997081
143172404
7091366
374205521
370862981
137821977
77708599
121239416
583177802
78560282
455559542
353134211
481339542
80121794
365557891
101559466
3121379
69810972
37027961
542186022
15586251
94999578
70319027
506245552
680518
470287772
371647361
123840816
142175869
117406114
505197202
434730482
542021
133580470
357511361
130531506
131342622
444190562
398341802
77468108
750460
860155
69217047
446082632
79875062
75538489
135284454
62586678
6685848
74525092
962691
77651839
2510870
397571902
16149860
106713890
112662366
413413902
124120348
512070322
551577722
371988471
416171352
354195971
71590748
383079211
533802072
423139232
126772753
108113670
3928642
87370647
3787855
428309082
103082244
1165303
412537022
365137
77555631
455564332
7868651
84118675
90822251
143229146
984289
10911104
66456679
142761758
135440500
68788681
78512071
82285672
80274648
435491572
532359422
3588441
417374772
69001877
573558052
614693
551308122
131357978
128256955
91184587
9806802
15139378
2686145
2122528
76535367
530917171
132580642
12573305
66275113
453649322
3098839
428710172
93117524
492150022
370682651
11924191
139786807
139787509
144572218
135595638
371988551
211795
13094647
6486786
123409078
363749911
78039538
10236001
869548
143963522
124608218
126011309
404667812
402348652
61250983
37734461
358669061
18071462
457299802
491446902
66249526
3129431
133582026
116585000
546826
115811282
139102115
598057
79875054
144392872
77305241
756253
72550524
42187751
13001858
549605192
3613835
3130304
116935584
523114292
116348454
422201642
89575421
9909729
74872140
414621012
88328655
107744174
136501636
130933278
15689699
141822171
143172428
13529565
127365547
13550347
462396762
1015329
84564989
373968991
364107991
74705717
344932461
128182001
858977
456076072
397324012
578662112
313161
3098301
127676465
132123618
4762629
414353132
98701790
439327872
457410232
11466792
375437431
400313492
138545743
400500582
88612145
91772224
72391769
143235194
559916982
9909711
388584611
426794272
132434634
135967820
114811546
144091206
589296552
540216632
81020926
16999969
121239412
576490432
504843632
3146996
70268204
979654
906646
5317031
69916886
370962451
391357602
369187571
124603264
101279106
136035224
144572234
450991352
555913192
376207031
435186612
119936612
112662270
68944617
90218507
375050221
102400504
532968202
94664182
409939922
141367675
3100234
416404392
10206204
535418
111774688
30433421
8086131
521077922
355414421
85912331
121953952
67929278
434591542
538295172
79909208
2907913
596015
412508522
78016630
135294014
410014572
3327383
7279327
457641992
133154754
383166331
390514761
4761586
107394234
2238145
6628836
76505297
46226331
355464221
119402554
449197502
2150299
124993114
15586201
90326561
143900698
137366846
137833939
116348434
86044531
73696394
2176858
69879253
128545171
1105736
499985212
397603292
6100060
79959586
15437791
81817038
134319044
2166398
62724006
423097622
143405034
484055132
79727574
66878425
374869371
119874188
4619054
1559717
61108933
71659107
117006396
901642
446701352
471581512
24084401
136132020
543894102
498218402
3824710
379691801
139474801
3056960
12906046
4300110
2285900
66221595
124603260
85489516
454314332
7091360
548549982
16977873
371626761
417673262
102659140
453844452
68171953
3157553
5902685
140986163
13793524
118572434
623717
460286172
125166244
108157338
142744842
5093637
78925449
99684498
97402722
422282542
3083367
2285082
594992472
728709
98039474
25128451
63456722
71494445
400035232
389001741
10500243
477066452
370426051
70094709
494134162
1174041
82410918
13913372
416136502
2509178
345300371
13103121
121126102
436141332
369246101
566806492
365750391
16099859
138126765
374009291
142737148
468232742
6635899
398897482
448079582
15986024
107418074
417673222
3138832
12343340
422283402
109169058
873321
123339594
462938732
144949366
127324569
73156488
105286418
134945420
7149041
145471520
419675462
78176597
13832474
69271726
104069466
367828421
438893632
119972188
460141572
68544588
871500
11221314
70607217
349207121
137776347
423576802
423589402
133583958
69791407
571442732
556870292
80164456
15078244
116945518
442693232
125969379
99198936
3017035
457561842
2595112
17610149
449197522
71441864
132274296
397060252
137818617
1015879
139705149
62978141
423083912
391663652
544318142
76008441
425892132
142253729
386363591
112667920
107369408
133873470
120306682
6596884
99765778
132136802
107553544
439362092
4274047
3147989
63087582
576851252
370951911
75680583
525939
454492022
354918051
89077407
130856006
128182005
441178882
137726977
130342790
382139881
7272442
371625771
118340630
3119486
126534885
2680215
500152452
144385556
119060246
13783452
498249082
2717579
28981721
4105958
17824533
118731448
119940706
422283332
374006571
417602452
511062522
405737692
2630766
117797204
35946871
366442731
138130041
404508522
126846927
105069380
363749921
109713882
384157621
62482713
430743042
552825892
13176040
144385554
472189262
123194740
443068192
561856952
435665312
437930362
107221918
84709643
539850772
497152162
29382651
110008848
137731571
502363922
453844342
528709791
348284151
98408436
2677052
3847326
90408883
370962411
105228584
132201192
95148380
101502606
69704655
10236000
46280411
134808584
511038142
117581632
142559324
7256268
531222561
4602459
398055752
79363293
64650062
123420054
140906001
108953394
540238
140869461
416766032
1090607
69810174
3122441
78511945
128515553
945411
524050812
2921311
77468104
66190263
410960142
125544840
88740071
2426056
969161
3765804
17613497
392243192
488547322
95585992
69964805
117278084
522382032
3133798
409960532
552212
357851051
133993044
470556012
439484762
71844155
138127647
925119
910273
121127242
136336992
16976607
136404342
111780416
99976972
137729337
3147850
413807742
116874970
492366922
351900641
3883102
423482012
1436338
75624219
98043112
124278126
350780701
415238412
70835066
135301084
394080332
114778860
117006342
3886188
138749857
3098844
114223686
85918481
408868872
84791737
860519
496137042
102172438
1121641
3826694
14681026
130417876
322820731
468264312
454278092
93026294
500015542
112856766
377153401
453319162
351669391
506297532
4307638
97914344
80884848
89201209
2929370
95109078
3614595
6611046
910908
109618396
525760132
121195438
484749752
124239038
460295392
662103
82487070
427264752
128743767
91543332
145590472
484370192
36542851
359170391
439645132
547536552
128458671
90624085
124600538
45413441
133585096
595070
91019429
492476212
3155771
135988874
3826698
370811781
104782262
390213211
437629952
93089410
125606530
8146918
61397200
349922341
358636841
132012576
65723649
133097410
2114402
73696402
583177712
62376277
114823166
98174724
548348682
2251077
60907047
565605972
78390519
10175664
67600583
86036035
548342
67162503
140340455
767430
887531
366148531
551144222
98383552
67615714
489063952
3155745
68301176
385154671
368527601
119682450
370831971
1572771
63144511
398524892
141851513
452743362
112311120
385935331
130850238
101372376
73913666
132832402
420697462
102860222
130414756
110914096
528662901
959183
78233068
127162941
78269292
13140800
510648342
75876890
505533942
75282513
118855198
119815890
144849332
110956542
139427991
78935992
1143521
131613964
97095572
2195962
446721262
458660612
3364360
415561632
387194461
942403
13277685
72363285
476724562
127195485
31147211
460099772
4160857
136404338
133639118
78046054
2450611
86044527
371291911
15425694
2544450
136339996
116914026
524156872
361354111
63094577
4290961
421705982
7084642
132123616
116956160
69112425
14336936
67929279
140295915
122435204
881880
7857234
7667136
371980841
5728914
120829786
115034040
441818902
111772878
2674629
94182490
70067408
363779881
2455091
63275101
349578111
3119163
76008440
124120350
115482734
435820622
479348182
455794242
438893652
417611382
66480897
1175615
3746572
424852622
144096308
135595622
367033511
3613560
104576296
396118722
588237862
143778678
356529961
501662122
540048142
82410904
3112213
350423741
96085904
84158969
12292186
14250002
65039246
143130562
6881738
2517535
119465388
137199578
138809259
142336883
13651717
134955054
513162972
94664176
141080737
356902741
17827570
70403439
575007382
128427825
2320096
13787877
408868882
141340373
72574837
467428792
2263744
458163052
133580416
14511284
13651716
397571872
63358057
396116542
102621548
2420855
426963482
379086741
60742360
445086942
7868649
411680132
470693732
113785786
101368924
120872242
566589132
70776343
124893760
863103
556149432
80947392
430268202
526033292
93194632
97198286
3829297
69465443
139407541
363004751
3614663
98753086
41034861
61263041
884756
438748242
95057442
143171434
141377997
405528842
450843102
418259022
7613144
136339982
595926162
137200584
89076331
550340532
14259330
70800612
10631576
426656532
679181
67354825
103033408
663571
61002684
64184816
916380
2464505
32643581
87114415
10239545
140861967
13131052
543479462
121595558
518482302
125544838
104782268
2423908
437792262
110953222
114627442
416145032
587748202
93220718
63306303
73916148
130900308
471973842
420767272
63480991
72391765
451171222
51061281
129568036
124603248
675799
140921587
545956172
540681462
453657712
397477672
361669791
370977921
5478216
2221582
419380532
122691460
123808598
569420
587242
417375432
110446172
135869432
1103108
134527344
426003262
384138321
908593
143783686
97995394
3020065
126911397
3787863
137724501
137260126
439331432
77771247
3137509
2958489
8086127
625436
443915102
366297851
104942946
15738365
67238738
75768217
366033331
131308122
124992410
3106508
15531171
79363295
18045311
18063017
135083724
99156198
74131477
1184311
136889422
144392604
499988792
362380221
393705402
130133067
65625233
881851
134779744
4282296
69285850
17827560
124204120
127943419
14954267
4677572
72283607
67024902
3616656
15586231
132444876
455587922
15487960
15531168
142750008
7358665
727544
350171351
582695772
124992652
68771864
401683832
66425986
3169189
81312438
483564502
406484932
97956148
455794232
88765627
72805453
377500581
103215004
521607202
51444561
910534
3821908
110805994
572794092
130851534
98004296
1142755
9793197
108169980
106636088
94539436
132712260
3395202
7634877
68240272
125548344
530695381
75535359
2296791
69979645
70580023
75168288
74929301
908636
111780320
347228751
133062654
524157342
581616852
144258992
76542232
427637902
442568242
500346702
126036749
13247451
2204396
499999362
101009294
66266870
145693008
135438506
517045932
106733772
77349246
8086126
127880605
809938
144535712
13133672
73510197
883617
784325
99716922
5950060
54995921
346727981
404173552
69405360
96049540
545956232
3135405
401473242
144144652
357105421
60759285
489126922
141433459
106095102
7446556
433928782
83151438
358675231
585747452
435821962
367307711
126564477
366476231
8011850
16319176
132238778
118068456
136337270
110351220
71452862
953428
140721775
112662262
10235378
401789022
75346390
446701362
11011578
412058932
434614752
413559782
107425670
355458941
15093502
2279327
77918556
402829542
124603040
10500711
80884856
130411292
107743738
671366
391022631
10260074
443981932
680648
356902801
385045911
101607833
70697359
76535457
422283442
7633770
140485427
62220854
106095094
17422308
454295862
2256071
134774924
469666462
107743722
81636424
130797190
400407142
107278774
121193412
830880
375050091
13651705
68926313
511527422
10240182
79875056
99756342
144389058
141727839
492502322
70274254
93477530
60946044
135374176
84288353
77010073
124600558
359288901
1186668
140659723
94065960
350055621
144451076
74550240
100587504
13789082
52880321
549247822
5785887
541223312
508105362
407644872
527513741
345406971
103097132
76199886
71190943
142248835
2133610
373951421
435492462
104749762
4602452
607452332
550169652
12266095
4134369
54519701
4006956
13623353
574626392
145432614
525056412
62070481
92572810
15404852
16145817
116730380
945217
80276298
80164464
450525792
142704124
78328510
3100425
134028326
124808998
473592382
137725079
138958295
9581200
440262852
963098
74440142
118731456
474653682
75980652
5785686
103050940
10238070
428308992
94397134
66726089
115434300
129504802
136886976
2304524
56890351
78859280
84791741
107544250
354628581
137921083
126845823
63094584
118342908
1293149
134533242
454260442
16015031
455793522
62220856
109560118
101742167
599047102
110503268
415510072
3611381
142477297
2450608
74732784
68116161
552825852
16488613
425884042
353105361
70631679
382379261
144608096
412547952
413413892
359303931
3155390
128706823
66937867
6776987
962165
566818452
104010364
373384671
144456008
10240178
105286428
563958372
92686366
40542111
3437883
102596884
929557
110144632
64732987
70403444
921871
75535441
457299772
450100912
90248127
3231132
124366204
3134130
491446952
1139793
1036586
140634505
414838182
363621151
142336799
75624115
2450629
622879702
71159652
70962944
75257636
925653
2229726
3138447
439757732
134954286
523157812
451449992
144506286
16457123
351669411
17736252
535400222
373485701
4711054
2124880
118660558
92213550
386158341
139777267
138124481
385470721
65281966
488041652
84097681
77377652
92266358
83151634
569246042
132774776
98256544
1140466
549933542
2288470
4013664
467205222
422811682
129309410
456622732
442693212
432350772
70697364
126370591
134016666
438144552
67795283
96458854
507966222
68950957
907575
109170920
11221313
2606229
396458582
756276
446953172
73956350
597856
3100442
102408170
12292154
3364368
415238512
481681362
707720
99878084
351562671
141827629
142835448
94811670
136331128
568505272
508379882
134530606
104713588
100408074
102792962
121595562
543912582
44131781
599225
16918499
115393672
374051741
101392364
92818794
143875122
141028687
1019524
51150201
133348200
487029692
98792382
460184352
56293751
412759242
124659394
398573172
499988802
42938381
416520312
2438256
613488992
88137535
95086318
2319418
467234162
104337124
105886982
455564382
443082662
365413081
471579302
361308271
3971812
416953862
501851822
131182452
401555282
97174956
6817187
144572226
78017144
662099
478683092
17604619
3087241
13543818
2553499
67814849
451345822
98817736
133577946
113417376
384157601
139787521
358187241
103595792
139876479
119830038
143783678
134945398
4640028
2229663
407435482
499988832
631173782
74791105
6026499
70322139
68046808
65356219
366456301
725320
386530311
137726971
99938824
409446412
410024352
141206885
412873282
399084092
10322414
72544970
87396987
371015941
2606171
96529786
431352102
477452302
107251684
632023
133103656
1052073
130851524
122440568
551910242
84791751
71631869
123272174
495958932
134945404
124603282
419596382
17607002
370545261
107394228
69141278
506231012
62932966
3028628
135053694
104542942
479968932
15676832
137727927
547187822
3151487
387780131
13651702
138843297
721780
140634503
94556460
95505254
131739898
511840342
139645167
370172231
18084056
144944866
379747451
3912707
94403550
143170434
456965152
464222602
444491352
378169651
1573566
70184646
423567802
135373134
95448552
75778041
3658038
90394679
428309022
2308590
134212674
69017274
467969372
75569764
408766352
112875264
578716212
363819221
442235652
133595310
543837822
735753
120295644
514446502
67239288
141680527
102972232
410021332
1579472
72892614
60763900
403915302
37734441
797372
120731726
886456
403243842
2285237
71238363
1147955
417304072
448488382
98041792
382971731
119875908
2686142
959196
119812882
129916034
137128442
459703162
469923512
2959589
685405
113980522
546233492
2718357
372087791
114279952
785192
138040281
97032078
83151442
135998830
6505607
95967000
144828912
912039
380735371
137236436
1015332
112662272
395537162
66918741
131867376
120620172
70790259
988632
130081908
499246332
137833945
61466586
11080501
107320700
124996684
107028550
15697864
7274444
94195822
387610231
132194660
16631541
7583377
61753080
83754778
16674941
105344900
135448620
119291064
131776182
404639862
401076842
453904402
61840049
13211888
83740172
885544
2154077
78101750
107425674
142844852
103804276
95375676
143170316
381792351
552657602
472992742
86671109
13787879
346848421
436666282
446697322
410960202
71129378
141964319
75812943
396421852
75768076
63463742
68950968
2731502
92829314
137059092
69879258
67536340
132656656
142391901
128769059
2483518
117483742
124600546
141175853
402867912
55127511
363505811
522909722
2550624
455622022
423448932
144949268
120165858
95651042
121167472
3129789
81725312
70206822
389075921
137260110
87396809
77379817
1087618
10238811
145429554
115711060
558504102
105354074
62070465
437930382
2317363
71171863
122440566
124676926
89517075
858207
99765784
114138690
346434721
4735817
422201682
139873275
87335639
98028104
126011307
132689476
101917205
15593563
449127792
119364388
6221628
912481
351595781
107184118
4309950
85181720
6106513
134648274
412547922
2253979
397169552
103513000
145429552
93954200
449524972
435175512
860838
30297481
76914221
73308538
84253693
394889252
477392142
123784358
451082912
15177424
886454
130413574
87757527
504135762
72367740
3574400
382149061
17633907
416404412
538082032
141270783
126902937
512555292
136753624
94488828
4638783
5430413
446712882
366449291
515509302
106411904
99214786
70512227
101805837
414500932
84876751
356902701
131742260
388731541
419166112
102507050
128551205
358219521
404719752
430434332
511840212
118932068
351595721
4209626
905697
412222882
70273974
17613159
4586924
121921386
144396004
404977212
367389841
2794160
110798578
1575487
13651728
3129326
137726999
14499482
407673092
525249392
88816831
58069921
476628302
422214512
476026002
123548784
15539388
114788734
1580094
70548334
226990
501777192
84268181
121123256
136130600
106315298
128098287
133102188
553056592
142760730
75623965
422904722
82285664
378806591
906609
536930
118635254
511580352
112666078
13434798
69417695
125969401
439484812
569517832
485214882
373513171
142749296
143227358
58743071
104864934
408960862
4636510
3654358
1046302
494461142
776053
845908
5620720
142341499
1287213
66190255
74368660
422354272
487921702
141403705
421035932
139138779
29374231
89077535
424949562
2420460
98190736
61424053
116348612
17824524
351595701
97003732
7583579
144948554
7675065
394301502
18059158
559281962
436496442
129324466
4602456
457299902
103052656
71483069
367727301
382011511
5404573
422480332
100614604
75812668
90240221
68926927
346493181
392629292
88897633
439114162
86044525
70100098
418812722
1109835
143034080
129047802
398863842
98701792
105498808
501142942
142986214
11232754
529896131
4732995
95422356
3358382
424447672
71590758
500449132
550719712
70624664
35087771
82183176
35946851
3579013
110305538
1183250
529907001
64107613
432214682
130855276
60742299
143227326
11959695
3366890
556325072
3579009
396449622
145268496
118340616
9938229
130851538
469591772
560951892
732258
137728875
396422572
13113941
2523096
460301502
534012462
11058998
121593956
511035742
79164317
415749522
82300790
374132981
8086128
118583520
143785248
419756912
130105294
125600246
85516316
14080066
8980031
102429966
141939679
455780332
135203384
16506332
71171873
66027714
561856872
355813641
482854662
133661812
453649352
378754421
13913368
10177691
408550162
69001661
539850762
377153411
109703514
369048791
96133358
870090
85920925
907248
458840912
18078989
118553296
87396971
107471422
124105990
558513802
534686942
136336120
2101688
58071451
412058672
71591342
71966549
422201722
137148948
134527362
136924608
102579406
69941970
561856992
79363447
629899752
124117992
2534614
81124292
133581954
78956230
9862376
5422889
106804536
380684541
2183990
3097538
495253862
4733673
2298089
126907191
429975012
2114406
4636512
137726997
69959809
143172412
6586826
546875622
576851222
82182346
3200804
110155562
143661004
3112307
143368182
454853352
596030
119040480
5817100
126011319
102654980
17691768
2681007
694629
112658768
344764251
772257
452717752
80259086
3128095
66853804
12573304
142253727
459230002
106152016
124147548
412184652
144389056
137009664
107346368
505533982
107188804
124603266
79036873
111780484
110057148
90533149
3376045
4274002
504313072
367891961
77468106
3099001
144274274
111777926
134564625
445238122
91985886
63103232
109596424
10458950
131770762
601135462
64603010
66465545
131343028
552001672
119140310
382917221
3029616
671298
370426031
514852262
122703270
583177792
80884860
98324152
120995012
3152603
123832284
87789163
118691644
4321343
79630896
119437180
3158268
349407541
125953501
68582504
140343163
5742307
10287302
485217332
138046283
438850312
387610291
99341620
130894904
357749271
67848121
3112221
84310871
353428061
7674891
370221651
85952163
2279378
394674332
140869463
424924792
1181958
456953602
89386731
555913082
85900443
68772213
90408889
4639283
392532192
117650474
979050
7045626
63377029
855863
579496662
144548394
107329232
16668501
88738985
132614858
99735796
97325108
41105061
353398391
621925302
134285864
142433073
431467442
14352333
95884310
145431998
131298310
422960562
3135561
145532056
89575399
60742296
96732672
851057
109168236
92829082
140861043
70584825
73463569
122932174
1125091
450622552
2325908
65230878
71441863
101501298
143319884
1109736
77377653
3095889
143954172
105334786
78872581
75955393
7292420
34604251
61108938
135541760
105392038
413414052
397746742
91359030
77468111
452113712
1107826
11118881
413386632
598605672
532589062
99548184
75072704
1105743
477452262
51245891
398055692
119875502
365979031
858233
444018092
471699472
129104778
87979213
367729251
128157319
414891972
81363350
80926864
3129603
107471442
133756790
440823782
114395584
360726471
390199851
66190264
675582
428405172
84908531
94015218
80870190
142433065
78252034
140132095
3147914
12446446
73057623
6461431
381332551
130008576
908441
3148345
132026604
3104092
366497941
438893672
460525402
61005370
106340928
371629371
17422166
130394334
67606902
382159881
599964822
140852583
136889412
2577966
7435008
3148350
83116466
1183793
133104002
4253577
120739016
3102191
468663342
137726995
384151261
79363289
434722422
121595540
4086858
435821932
563375222
459297912
465679482
366321521
431467542
12292189
551409062
115705714
93029962
71059077
3369072
541383
456965102
134711916
105710452
136335986
92425862
74085452
63185135
80648074
124218710
140285695
366441431
44300911
128551265
937704
3147243
111780406
70556808
417335722
109431918
126846607
403870162
1145131
75149096
138540023
15188883
68094695
83938273
90631697
98182094
1102417
110956544
61142321
13792833
61110496
143570260
90817857
31050111
350086251
144943188
561836
4125116
413690882
374251561
5490702
139968759
383962121
103503102
13129749
12315335
90217749
75623685
750479
122659938
13129396
70322130
74173064
392747542
84371039
539920562
103919054
40911271
70079768
371625781
784340
7674834
570313782
8011849
784331
69000458
70196430
384262761
7812776
110151936
528931561
106061600
577945662
107740244
977947
73318393
107205438
456955652
138540045
13158129
447641762
373362101
426703702
12754252
3128450
132221486
84837675
79909214
100722468
413025652
65611690
75562242
485064932
2440652
2174153
127245881
419333312
3957741
400780782
11616280
16027729
380507781
545674872
433988632
66730183
387602741
114438548
496227592
416583162
1159150
451136842
129313156
80929822
141184657
559799792
546720982
118105272
372817161
64935410
414838172
3129406
493899022
3118942
84029145
105552888
84267793
355183451
120557966
17448363
457302152
131875288
108626752
2654328
132867466
62082565
376206991
92818780
486399342
3099868
137833949
346921451
411983792
120806854
102322744
3590422
425604762
443033562
105886990
13793531
78282092
101264042
1145125
144091194
451164892
5277423
2445983
61002685
4095153
370426041
867061
13359542
2793760
370962401
465455052
141826535
111774658
411474482
107412752
616539122
110255416
71056766
505956762
140340449
2309992
429516172
469512042
617782242
69002109
140338763
122715210
80164460
137818627
1037928
68945626
1137657
79667822
457266502
36323431
390213191
416199812
83151610
82201090
74173047
141680513
17347979
360301991
436183422
437638852
67563965
485419572
409607052
75388061
102024959
1097655
88845371
107471438
86876435
428347832
604455852
102208898
116496890
16818244
78798590
528348371
383965581
70079967
538623542
68944615
76734221
376781251
354045701
84268163
935395
130219930
916829
142986220
371530421
410028972
419884342
113764688
3511916
70412929
350171371
30773001
94195890
863369
113042074
98012632
133103654
112423586
104930978
72332709
4315384
13392838
354165291
81617646
79416979
916531
13167146
138694549
880943
69001860
79875060
492236812
1103288
474275092
4091848
57631771
350171251
59506601
76066031
76199994
124603280
140421809
375660351
489012992
145435988
17677917
94195484
13129744
78628655
466363742
137815383
71323448
17608953
99156194
139111899
2426874
136246804
142744850
1574122
124271124
68925178
68390604
100357136
87358215
434471482
113418498
71511142
110146986
73916143
136849896
18045303
71519882
347015921
479471442
66274851
581573692
511036672
983450
384262691
71420311
99241562
357576541
505015262
344854081
462729382
62290950
3484404
590881792
32936091
622457832
85951199
1172330
145501360
380147591
597166
425437832
1146011
60741560
529906991
911085
101743091
425450562
434901942
118190314
1174598
2844443
402322022
428405162
70697368
396137542
62252102
66361587
124239024
560336152
361484281
93477174
370968801
121061416
64786125
145648930
142575334
67928750
144154406
6627454
136371188
457289782
542820012
513360682
13651706
3128097
348291271
91536330
457305382
969347
61103099
75392250
140634499
140421781
448622562
886444
541399
377301621
110959122
508039772
60742352
79419031
94961692
117859558
8770373
2256073
606659
1160972
81210510
81719612
139776829
112311784
96392668
61246251
72111278
4733215
1163573
584250422
141825865
634811902
476195172
13917321
44112901
457149462
6581143
376997691
138623795
2603781
925892
137728753
6100903
136387868
437979152
120258994
4097332
397198362
491447052
365643061
143172438
130514342
82812662
3102475
115834558
522919262
125120718
89755731
361116571
144572642
924937
141680521
137727921
112350074
561856692
412536802
460338892
439324572
87321237
439864742
361258761
119539144
1573577
519044592
569166522
102874182
576963472
17347964
611510
559209772
84200681
4292887
14299476
123834110
18063018
99312800
79665674
94635148
78986025
114395830
3885291
513141682
4006595
86543213
4761582
457933542
115707300
29788291
6100055
397305942
100456392
13133671
2463406
59943131
5104674
87933507
2577944
511723642
420811952
379478801
66465549
1161682
449199562
1025652
41034871
91635054
540889092
75789414
96369930
568702672
418812662
142181859
89134541
72823271
89145995
13801835
459002992
6918276
7480794
7332944
538340
15128340
1139796
66685324
135373512
72521506
123832280
144947798
538710602
71966847
833971
4619462
122435374
1028432
127244141
137258706
459180072
101847631
345743811
627436222
565766702
15218949
438631542
456955662
12711111
51867991
65396343
375959421
77770641
63456715
64449000
368714121
457150292
106713886
90048267
109492032
88968059
575891702
555960382
15528003
450997852
485790322
375862431
628265
108339956
68116160
370599341
143848116
5094211
97459432
83827006
595096702
417767202
105344886
67795287
118587270
3199915
44300861
139563499
556209722
127550767
66724905
99765786
9838135
107919720
114811560
17815482
137726975
14875482
598249602
361120241
4711052
370862961
2221575
117144808
70466279
435175362
107715248
75461497
491446912
920875
725616
84100235
491447012
569246112
111780408
86340547
63914355
73043587
360301971
955752
84792099
98688504
70274258
135026574
576475712
392284592
133165774
501257522
138421893
1115403
77349227
94780984
403707232
410091042
3164898
91618460
532739782
810887
72189644
124889562
13138782
349790161
555960042
136608960
411129882
508370402
2889765
1156132
75716617
126884459
350780771
141457059
95466606
79942796
68018874
5925775
1575973
640755822
457299912
420876482
141680531
133582030
925115
2133609
81075570
368584891
528800511
102025603
91599964
115416800
583177752
132634786
2847559
419495362
488652032
833954
575943322
129308794
97198278
361402961
4288254
14250000
91018477
78504220
7675067
491446982
130484710
72314625
406824682
613474562
103712406
103281548
438850292
98237636
3133413
441174132
89657593
136889414
503899322
121249112
479348222
84992259
472992572
70053756
4761593
120130334
85274754
134527930
365761511
367667041
347830101
373045661
71137166
128748175
427074412
453638202
2718430
778429
78479196
371619311
70079181
394886492
5902858
105998658
380226091
385067991
375089101
376480971
407128632
128548967
117301124
2161043
15593567
6683159
370365171
109169056
372985951
426048022
2802721
131594592
910270
102659142
143900706
100557928
126542783
66506876
67238732
69739104
142747764
134285866
16161195
136126420
60833052
1436140
511943922
107465566
454265882
397305932
56889611
450123352
140339627
405528882
389076271
145522936
829150
72160316
73297743
64448964
419870592
61878665
140813725
16149853
107926978
6408408
80517220
61397203
137833933
567680
3822464
94065898
110805998
552825912
68582505
139936915
2681010
510438712
103871360
131357464
6697440
133554220
381297691
133062640
130483684
1161008
103512992
124220442
118760368
437325042
68622488
84791527
10260073
424997312
99976980
362917251
603095702
14524979
104936008
130413894
142915972
397571842
49624271
86805977
3088451
420902092
104942944
564073792
578424702
15617940
592400102
1158202
2177862
533609322
79589042
3130445
126259195
6637662
386271591
67162507
477436622
77921418
546437782
122884820
527930531
3100444
129265582
1100891
86490065
141688205
600346
4736207
7634915
104337090
109590416
13146347
583177662
125968123
64784554
126542795
1573532
81366298
662368
118821192
89017193
72089436
412537002
1117415
91541742
380390861
4299862
71217501
355292921
542053802
440073752
354045741
80561460
438142772
140106863
609097
15347347
69002505
2288219
65444691
140827947
453079572
103134722
6773869
398055712
605678332
676171
14834530
98182096
124996690
73025475
12801783
112342310
401788522
984278
438631492
581197532
2296782
12316831
124472100
450259042
483338212
96459908
134036212
467105842
54340881
137818543
732461
70206830
1123889
43816911
2449115
95686212
454265892
12026991
114438544
404201572
70274247
382686321
443068182
137727925
16638865
362750751
112893882
434190282
141388961
469414122
549316422
352027041
2309990
137882743
81330978
3128093
353595051
533802042
125513414
534723462
3155466
457009542
13158212
502711142
7446316
13111704
471825712
95967014
126902907
401485502
116348624
128748163
134031778
1172727
98701786
426572052
82257546
598600342
