112264768
99317508
114395180
561863332
366401491
516351532
420890242
94524864
555640142
97235908
134946650
66379618
3148168
70266761
69730416
71245289
75886543
405506552
68953564
105981656
65732144
136889408
4315310
90213409
416560272
107471414
372591901
3120612
4732799
16202379
481510402
144545868
15773234
4162078
14256142
144388976
140344349
134481678
121595538
103365074
425662512
461012702
122552782
472898492
136340734
95963370
14477354
431481062
15592555
117726864
140850467
137204780
415278692
115416806
106257266
83506572
109701732
1160971
116245178
89310463
117104288
73219998
384010871
664107
472992622
920082
67662071
383834641
510207802
680554
2961024
68884718
410098502
61208284
376480961
416477062
15636336
143887244
2281125
98507886
408668592
4197797
354045851
83844556
15489383
97998552
16418245
463215102
725261
102561040
475124372
548188572
2157417
89597763
95964420
57309311
422496492
367735801
28852851
15531170
124606176
13749633
2518361
100479474
99976954
71459017
5639255
122882220
103581168
364957381
118534514
143782388
448184082
85236320
609298542
78028539
129309208
369426871
367726161
123242384
1183842
419827392
9440117
9489156
1138633
70082986
677219
429975132
547569972
82120630
120674224
12186660
872090
130696108
125513632
12744084
473317592
996082
415312582
485709812
63041833
120402256
119434808
124237488
92719900
6907162
67322236
80276126
17606637
133098768
14628995
109705448
538098232
910210
511038152
83083294
16197305
78106684
366757211
72717420
84564883
126848355
80884844
72391752
15391618
66284856
88476311
362957331
449644132
4119476
377343391
678336
125972439
1172920
67563951
62471655
70389820
80889258
459488732
347385721
124603250
6488043
109703512
99097252
116866560
61142291
496369342
886428
35088291
13547128
98264642
80133270
102035745
83837280
7923756
143859856
92720102
134525902
786748
2397026
125972255
106123620
71999936
144333822
91384522
3164953
134372412
362270831
128546345
8930372
76244420
6177415
425599162
17916221
97455436
95447974
5414332
383741911
13650931
395326072
61466564
442513022
116705342
72003384
561785
74099064
629760782
604954
487061672
3151317
78106726
81411112
66342610
117104286
119437182
141827413
63094581
61002678
61536762
6951800
4195713
383729941
4210844
555755
10584594
123788270
135371090
75526534
498316592
90780423
15546835
128096023
13982006
433928332
129311206
103429026
105494278
7674869
107061540
95680840
117571606
67692415
74732242
70036206
112854926
725971
1142440
572387542
1135922
18093342
94312604
99360002
15587465
787169
358006021
440046662
364951
70046332
866829
145000990
65938290
135870024
3129407
63094583
144535402
969494
69648365
3130433
70800604
628266
132458778
11272657
91772170
2430050
4585472
98077404
10199905
53959111
343985581
3093997
98316890
115028566
7216941
13724927
622552272
678465
71828725
375437371
119437846
120744720
86157447
70562302
10039342
374006681
15640851
389879041
6594686
10434104
420827872
9938233
99625806
65441650
69144893
73482400
117773554
469425822
10357223
582252
358669111
2797087
129916020
75526543
102405616
97447734
7916517
6435712
141827555
398940892
98571806
65626657
78239738
125525522
994220
132935898
62751648
62270554
3135518
346701041
88611955
15613379
110806008
4244854
3110394
562455
12580545
82410902
113418500
404906352
14235829
485184162
119253894
78527796
2511224
125056774
8104841
117402962
139470657
135372064
16670786
124659398
443060772
79587594
372985941
68264403
1579477
3113470
393914552
1103102
7718552
1184308
131340580
123883254
67986243
397141982
725965
55003861
65396337
92818800
13529559
2203428
85567540
3135334
5323495
142433061
14629005
140853319
3119029
415645502
453844262
373362011
64734097
81822316
3090887
3968763
78184141
565656
882293
884025
346854571
126534883
101764835
10260081
845622
62724015
366297871
69962764
987886
95968844
104595916
72856678
93525924
14405186
42872151
16091091
5817089
84118673
351615091
1142460
526164052
7375556
129636454
4311272
84490455
127892261
142337677
74307828
62220852
15640853
357737891
1085495
120267534
14533604
10303625
2847111
71403230
5060528
365331381
6343265
416461342
61644206
64549243
125778885
77183271
482603292
116348596
88435739
62744398
70205643
490080462
61329901
12233072
61002679
397112282
142080217
344906731
90408887
984565
14525573
4302194
65938282
917102
141337429
776259
3135553
93653540
347015891
2889763
70584818
786717
472898522
61142297
13438425
2551692
122438728
102027649
106713896
68513563
90632835
92983374
128956292
676576
16501727
412536662
563085382
3137332
362786011
353615271
6611231
8011856
119030622
6461432
14299588
386463411
62118993
15372241
949279
2466305
516351512
884030
5250944
371630071
361100041
910474
17332922
112667490
417131852
374051841
81127294
88712813
4602455
858371
15583799
102852276
38987411
125544664
386981531
71828722
97786912
3138819
106275412
361120271
676847
105993958
83837258
69879251
72047963
140252261
1195560
95923162
86116271
118282534
436480662
88003683
434845272
382267071
17347983
900832
66190258
27552581
589628282
94687724
7546504
75070408
61142286
14142524
111487814
79592232
925829
6461684
125534386
546233542
58786641
136427084
107115922
936997
100760874
72059803
925118
105882220
83756376
14835123
101935767
86562811
412568522
123073540
628275882
104488178
64402469
74406813
94274666
16126885
3152221
90248145
457299832
1115801
10199762
373219601
113983416
104786806
140481345
125536790
140346575
3755239
67294772
107351022
561855642
134881860
62766452
70459544
581923
78017214
15177641
391175912
1120924
406731402
70506864
13460265
10006346
567965
95570644
75749646
2801132
418245752
521607102
79587580
914493
44231001
99554816
96624386
62847142
118864338
61249503
1172324
119967906
680545
466704392
142335481
65225852
82251880
4709944
104592674
14299590
92171232
361557741
602456122
568120962
3614124
119364636
119875952
68963743
62083052
123783366
366453961
582260512
65723648
17561430
74525091
77387146
3151324
98105600
134523166
129309152
553056602
15347259
119436522
446545182
906864
65759926
105286422
632276
137203478
13130861
431277812
882290
103305926
13129751
376480951
103029746
126011313
434982362
3729755
129503248
52474851
63164722
378515121
135949706
100925150
138241465
122927584
121604738
84669141
135875530
62723935
89077555
121592908
3829138
132543462
71511812
143273054
36868271
87320307
390071071
2925396
350802071
113524342
70322132
72059773
500368562
4762041
393116082
434472562
78527813
490726842
13144279
500794252
115873034
389635791
139936199
84564987
3754406
95611894
1115061
541867
62724005
3120678
71955236
76159511
143053890
370961141
434626342
1113001
513051692
78213566
1102418
860840
378515191
64039357
70322138
106713872
72363412
76376889
104481018
28958611
588243542
352207001
383973691
428489052
354311621
463128892
105710132
70355612
394929402
426445912
412041692
448265842
520778022
72160319
3248376
134384408
456076142
2122615
118807484
71661567
406355342
97868042
906572
45544531
101715623
88936733
50436291
87371673
1008314
14748633
143151776
74307837
109596408
68973385
363944621
2172896
84792119
13816436
355724441
94755868
107061522
4300032
2485134
397413772
410495562
427556342
80449442
4089421
95662840
102655104
2680857
136336110
84253691
144572224
62723997
457086912
116943702
451825062
15556222
124995632
764920
574731
104999328
103141314
420677082
13141070
513579862
381579941
121143938
104654902
132265704
7779752
6628158
62826428
117708444
534580902
423482062
83385598
449537242
3905059
132625720
128992770
372591971
420355352
60765507
585109722
3151772
13100388
443082652
106256884
73724284
4311594
3959408
80180630
15049128
11295691
431581762
108051968
94330880
585343
355905501
686620
133346530
16401970
2961498
14881784
142433067
65492094
103301526
3926869
500313352
77045434
82100702
2838140
112662382
420364342
101173984
45544491
8081451
105077892
3137518
953097
62557271
1126602
144958746
138609287
7282592
7677788
489063932
105710118
421100932
1174600
142335443
10545921
69305455
117731684
138112625
552381152
118993630
72933908
74111762
76901451
14013136
461393722
113475952
500928212
119400224
137727911
84155853
500631082
4311597
1576424
72371355
63460244
1110887
14932098
121970224
105286430
142820632
456379902
383681201
1115274
17608734
417951242
12906052
3135556
13569630
3155479
896181
2674459
376475801
137740117
78385309
96824112
107819082
59668451
122447460
132286790
105804664
84123771
100052800
2168810
109734490
401358872
369613211
103276202
89134551
102242728
28852751
114627448
130410736
1575472
1183887
373061171
6278729
411596582
70813832
118195184
449553822
86121377
2947342
61171447
441661602
62826429
569364612
123218862
60904700
114410530
558252682
17347911
425940832
120817818
13544758
355722881
69879249
3117895
142342693
369643921
17826508
118294402
45544521
3167699
13161111
141385159
124186476
69000007
461691092
79053030
4603400
51300481
1105733
3142379
543135622
79667826
75945302
356130231
369397961
348501811
2925107
432048612
113945666
6922865
143867012
3658597
619310
120178790
127245511
76384675
18348281
354918081
2796446
109700646
142748736
9438906
9961230
427230762
83936983
17829574
93312214
393163962
2657834
3658126
98545828
78799028
137209148
72417332
103670136
100061660
4220304
125400582
61700649
608653852
61424045
102699736
703748
2171486
823132
345376751
916339
107471436
4763165
467229172
436371902
520004952
571243
36546511
10260084
7826604
84572613
17604910
85909199
71689538
7512052
79466947
397634232
2140121
994228
14495589
349710291
106095096
489683472
7675130
7146297
469763832
685982
79845486
448298512
9992401
472252002
79185293
61108929
452730632
4315382
102417226
389034231
63391409
110235832
66315547
4094391
120531358
6410074
105070128
133401340
407475212
38427431
2171508
88865531
516396132
134453478
67526138
355700711
141539383
95343114
687988
143182566
79534698
68917073
581375
4286053
130854518
2244834
143281910
64821459
103097358
7675129
89707561
412519402
140775139
888118
560952012
136458196
95265356
72057624
548348692
450114522
6596816
78923525
13144759
101619875
501223572
4160021
94811666
103051318
859034
62847144
3117931
3365759
1195496
134465856
86273177
3819908
67563949
3164155
417195132
66561409
360302001
16705422
118068538
126412101
85838797
117301600
92872156
72544950
381085791
12785828
75121243
487736812
70334157
4603398
105298962
3167888
414263422
447552822
107744178
68764388
95683306
94415470
136241538
38290561
84268167
106095084
101170496
3135034
119547878
499988812
7419123
4315378
3907803
66539314
74461790
133584064
88895879
86922279
126998733
110806000
12343171
80274512
1175612
397047242
143170672
105286432
111778724
1023987
123341274
82199332
463026312
447783222
90326855
77724870
7521061
434610652
6930065
535600192
460184442
94536944
120989056
1056919
141822951
2514692
386166831
143606890
700323
906716
594649592
88936739
56893271
107233784
71630476
1122153
12226253
109705154
7256265
1088130
67536742
123940422
86157497
78941875
497468732
2157406
873558
143177464
831294
1165301
55829181
141339371
723836
95447690
554446
62692621
128605213
1574660
408728072
71059074
13132633
916455
937649
129011936
393460712
1105721
7303269
63185291
1094516
127246871
4125128
470202132
102994210
88936737
490973512
46226521
120811676
366056581
124566682
375779401
3129747
84363321
398364892
1108115
104337094
118094796
1575375
901540
530231361
13547838
