97685938
412086162
519983572
381080481
2040519
13796241
4761589
18100166
69739112
82644478
102586228
14617165
14384574
74031499
452287782
62712727
129314012
91855104
103295462
115513782
68854195
5404537
72717419
389912521
3105189
106881402
917981
629895182
971637
81292160
87788353
773638
27131061
129427702
401472872
294450
89104043
7703994
30542391
7857242
662104
1089521
363542371
389354661
86489749
379139391
3357587
102907002
370618081
3146714
125793801
9968997
100052812
3148110
928533
3543546
97897352
3083370
36528421
541862
95244004
115705678
434740762
370094611
134955668
6258383
411701952
130012250
2219982
366060621
60907055
78164713
79524340
70716467
5652653
36537911
4603407
66469373
541418452
127560539
435796752
125983795
414694072
462928842
3963798
388735011
13143973
100855744
425973732
90354599
3051178
103726676
503026542
100357038
398230642
17199793
65493820
6259881
121619344
420628082
6587992
409961982
2527809
14497049
1171187
74524924
70294403
11805669
444737092
75778882
434192412
122703248
586163302
133585354
90245121
5278020
582242
4454638
14243670
623060
4845594
501865932
2550620
65356216
68953992
882287
4252543
71668229
383765431
86036257
376136451
93477536
85283048
80591528
89876789
328892081
75814713
102172430
2322228
883658
3147641
119526052
416583362
68686013
62719572
65452711
385379691
5169798
104083012
2166997
964685
2122529
409355952
76734209
102365838
513528152
1724768
77377369
77834661
485914942
113985234
88482561
123184058
108692368
81310932
61281009
350720571
14882624
937334
133657614
4193526
1109745
221613
11708671
17599298
84574225
81197262
62376288
62319145
448927492
75867421
7798411
413815182
364702671
2830172
12893198
135924814
14214930
1093562
2440661
358607521
443007512
444889362
78967506
400305922
595681112
12656560
75559457
74816416
89174059
55613411
367727721
10274043
263418
354045761
632277
70445153
3151534
439228582
15479194
91936286
92213570
3132601
125600952
366449201
89903993
581751602
3599734
3540021
17939574
7390333
92830724
118993056
97687012
432057162
92491408
68350112
596011
446461272
101819685
139872821
68648494
63790891
576435
5278001
4069392
968931
73704169
121194830
1099154
101782361
419756892
72363393
601797
72787795
531666861
437979112
1143348
558981
5153727
142610360
17448261
107805832
140851901
16705459
67503793
76313530
358280781
90408907
540176
3941159
397223272
77842787
6722115
629328
83160468
2732153
81307150
15128338
67063939
77843358
72294614
3090559
3614150
17606679
17434499
104230532
132137394
104818666
17669168
418274552
135452140
401747712
1327864
572916842
91345336
4289176
134709694
1039686
17915008
135998846
135373828
7314582
540955932
1130259
385249151
456413062
2812310
145429206
1724735
133764546
64761019
424030182
397141342
98027786
15605110
6960556
975144
64381511
77769926
132716530
133059120
46280471
17940238
94901768
348916551
89559571
450864742
13147974
62695479
37149991
69354921
552428
120024178
66315447
83941441
1027891
502733412
16295528
57852141
62894232
414696772
72501864
7677799
134084910
1101960
111780300
143782678
78349344
366441511
452783552
450365102
55015261
5645452
936861
380536231
119874228
71037993
67257300
138123337
442964592
11441713
71428276
2794591
124991812
3133043
15616226
84625747
625884
625966
58889401
569913
74322266
4125139
456840582
456840692
110393816
122437598
79827304
387535471
131998456
448626112
75147406
13085029
482172262
353577391
144129622
373297871
28407221
136340740
736150
92722906
6154092
145029130
68945632
68442505
66374220
127827777
954946
370498581
2139642
85838255
497479322
105286420
92141092
135440954
110081672
17609422
105356142
3132986
65039247
1145127
67750422
89704113
429975062
103445136
348916471
91599984
608410332
2269602
14628732
2287007
301623
7675650
85989815
14592439
438359212
71238364
424693292
5411298
1164145
913679
6990628
67234557
137520912
88692579
139116529
1090222
98903450
99625810
118076802
17893146
17605238
87936879
499642622
107189492
4217498
73945461
87335271
143040222
8164628
121595534
438865442
439106032
66645011
143169134
66622061
21598741
3121808
576844
352129691
867232
109690864
2236431
140371055
416504402
62719132
64699116
97366680
3416951
63042037
10770665
491503342
9997016
6626613
75980156
509697212
66957208
503379612
107221276
129134720
102683790
61427207
5621303
474918592
109707978
2286186
70172863
7800366
122390768
90305555
28559311
126364573
1573425
65359528
371623461
422283302
15391617
2289259
71630558
400055132
602340
2232051
46534131
16403976
93442734
135369698
1094517
139506163
422115142
88848003
493156132
134844374
84780921
16031484
71444765
67781656
74263678
103773588
80870186
139419603
4640025
1149832
87172715
3129691
109170016
119874164
129104788
2684356
89102819
142832654
63435619
3886732
4315254
143533270
110081660
76984092
3134018
2953324
432523662
111780402
16664516
98901640
143055454
5400634
145388962
358715191
959903
71105083
63426629
576863112
3113198
118195298
387526511
3166052
421445692
350027711
126215751
374278231
77708477
420801252
91097925
414914202
14876844
116348634
94535886
122184824
81002278
357482981
77379683
5135673
906587
90221449
2952396
61109998
107267184
3207243
61501695
5897219
85203042
2550736
65297521
2323295
2168095
540036482
924499
58201441
96402886
121128804
109258288
113099796
114395834
5404580
84763905
91855108
394148012
126372799
97995372
110955798
434871222
3155397
231820
125953497
6043466
944878
400937352
3532655
6697439
365265
379195011
120882650
127247029
145343472
3603704
109864148
89845205
142433059
8086132
117032538
3413187
2266005
123279026
107227688
12235217
130413568
582876
126771857
75353928
397729562
76543391
602106
78177198
931338
125333404
69863391
61697703
850490
44112891
79219073
363732971
3075136
69779542
75108735
113679702
87799519
62797404
85454318
7004916
1118076
475164402
1098198
4014718
71039606
14697946
66657814
435800602
95148388
105808938
596112
460145872
6719344
433116032
1176435
426106922
84855675
614534
109948968
604032
66944078
102208704
392771842
52554631
79031512
69623166
44231081
447962412
497479292
680538
884038
2156745
91414170
580796402
15772749
117135348
68953819
504150422
521633612
3835216
120007452
6169823
3133458
890307
10242717
70045239
369108371
112662276
4509222
599715
3011588
114917970
551207
88824959
63443992
438871702
453844272
390619461
948065
69447083
63527706
5404454
263314
81617380
130751142
3114910
61005542
3138696
97149324
99585962
363618721
100495782
2491667
13486392
3103783
118424926
414679142
452768352
69596574
3020196
71581474
119416318
126851119
78733994
121560384
438434322
348659101
95375680
427351702
452827412
38136831
79357561
3112427
93477544
144300150
430095572
135457124
68787168
68852406
40889811
60774734
114811590
74441173
583037
400431872
62376339
3164176
558504302
6944531
361484121
423147842
114438288
62882810
60784398
128333637
17416529
502364042
14278985
93483940
62439113
125044824
63694178
4123014
453659182
3230770
345952131
109576268
412638052
106254784
3755619
3129596
93855572
12906054
6720549
108055722
61396631
92818796
65236033
71594264
3141195
4763166
401592572
116348164
14891637
3393923
3158720
80267256
10285015
71137142
72760008
3138710
135973752
70320688
360184711
414367102
88420213
418259012
118155864
14886639
136803588
92734598
123886250
411598162
88328615
63441317
137724599
79641294
3616660
13242000
429149922
65339292
3164632
6811997
102628686
266784
129618280
95422354
138626973
136332674
108216346
410632192
105643420
764382
77943501
137135438
137258698
8081935
17609443
64906348
13705377
448496162
119972038
412568392
5404564
389278601
794736
65583851
127758673
15478550
136215888
381925971
606690802
422617382
86344753
123038712
87651091
434503422
10107866
3211445
68513766
122886916
619622
58075201
1573596
120152050
112670566
61860869
137865209
136370900
143470992
61644207
372922381
124813270
586402
79153837
4087305
134524066
61874303
121179318
122257766
409498002
14573151
106904462
62293836
67928708
88328747
3140383
56893241
7232101
2559111
11505965
80092830
61629180
114811592
476876652
81328572
437147142
84764291
14496774
726810
81328596
17599931
934434
27092691
85492042
357105471
634358
883650
3560711
4262739
13569427
3489606
68757060
604840
440907082
93088386
370178641
576154702
78859605
141917427
345377611
70896488
71645440
16705444
570111252
749330
373589001
506246932
13733148
2168124
408823712
86834865
15078241
145116988
407128452
601886
409475092
2460989
12074521
462903942
355100361
120351980
17605366
120376686
75008942
78516691
97342156
62935019
369215721
2658555
523305102
263317
950467
70807169
425607392
662471
89067555
375461671
5617992
90428589
3285945
883778
18063163
420702482
596497
86040335
3462869
78527803
133304764
3122115
376195921
123433008
351664381
550492
20132371
989105
137796615
123210948
2604770
459977242
450931102
80271296
537076312
121296152
84836389
54396301
1115624
1151529
1108306
81719544
394746762
76539932
625836
351419151
1130304
105278286
140721779
5404535
131293706
388642311
114391222
367311391
18091662
104958352
3041865
14079123
445245392
981205
79567450
3041757
627658
11918965
380389921
17605372
90248129
439134912
106234404
140931757
86917095
77849400
6270472
125944845
383792601
2794592
396246692
438905142
89844279
103152374
13247487
5975224
509957752
124397184
125969403
13946301
14499490
2124764
830254
78110777
368993391
11899030
5404594
3360278
2554554
455611272
400306022
2430443
7256262
355250391
435851412
14245771
91084101
450880432
75850951
2158383
525063662
14352240
130778962
450329642
95947018
2248424
91045659
3875059
521121682
145703484
464341462
1173723
74173036
369077491
3851832
17941883
79169039
18047175
383562061
119976334
3090467
453904432
2326556
619999
69982636
413413842
93416570
1108095
111773362
485728312
438359192
145101258
411675922
76062816
11316438
416700362
142254437
361484251
379073681
79196523
712063
115079174
139102119
71953463
120429002
94535882
140930877
87757517
3131840
92491430
4670277
5278007
64405027
143410420
89310167
99959560
38294071
144536760
411708032
30283921
103117160
74176271
80655850
118660584
2298450
2577952
4672493
17934036
563134232
509616162
125352534
137325268
452805612
4274021
121748272
139219665
728727
450930832
434087752
1179539
909884
15773037
1079628
372456951
374284741
3102195
78800153
79520404
542244172
3102858
4315249
71684839
414037342
5592970
6712854
3135287
17633126
4622583
388889681
129632334
30777711
2514780
4671766
115066978
507002412
128100885
62570043
70562553
62743214
140852559
4468146
7117040
104609438
408868902
13277559
923949
12032051
69808478
15026096
121018004
93208876
108851692
415887512
92387688
4191723
522622342
15680225
492570022
988576
6612228
550346
105634958
107759000
113864804
394432432
445089842
6821064
88739953
887122
1070846
80608670
5639047
1151574
7198203
141336179
372087801
75212314
75434750
94142468
7861001
384864661
81090704
61527415
62724018
134954986
71678142
16035713
90728687
93996214
263316
92830718
69559012
6962232
398774112
3425153
68030037
3166761
392153782
482986902
417460642
18181616
391293352
83111394
2525505
13939962
90823159
514852012
475655582
425686982
36529721
144764330
503132632
7512051
71090277
601750
94927176
2288314
563850
117376876
910216
64000426
550175592
63449140
38019911
61786559
76278115
459111502
429975032
12310843
110968082
69114115
79537936
72318839
17637981
134518658
44337921
2504331
3168717
142824176
9104513
89845481
92870714
13247497
14955977
977682
3427309
79545738
3205855
126436189
66245339
95762424
423222602
63459798
92491382
5425397
73639283
2514792
350594411
135870546
550951
114802822
372679451
16015038
1125772
886320
10260151
80636624
5621409
423636792
79363435
788532
78293152
13245809
415238522
111833926
17135946
115824718
59054061
104519962
407500222
671138
2953168
12000049
5102647
77426047
89077545
71137172
66129896
14552000
89879037
5843726
9997198
75502847
84694345
394026982
12027174
9990585
62724023
2520942
426548472
75314365
103804278
93385268
130609324
10239410
424572522
73696398
359786391
1574199
37191341
2234302
2249235
66027695
103140314
70085711
968920
10766759
14681038
91312388
13237296
675818
533945362
74617715
574299322
441499752
447229582
423552442
538099312
6446910
144451206
907754
1073032
353327051
131342908
116535580
62027955
140237711
356003351
78710120
831253
134945416
65492556
126844203
37181221
73946283
80870300
3766766
77406191
912476
382579471
407106842
4619067
78176953
370314401
17692184
538825
143235234
62156853
12730745
66028722
2230117
16310154
16260784
451684492
142433063
93699660
4858208
5336892
126448711
127325863
65101374
107507596
418642022
105500384
596063
411556072
142832896
1251006
71991487
71088803
353595081
101062856
749115
404463102
506286452
49532111
7420775
213474
3134163
87395581
511753662
625876
764094
134946700
429204082
126022859
83938277
75372562
68075583
981988
2480936
79573994
2317724
63015902
135641836
143183026
905077
121079416
72421683
15191159
69440663
75724635
4463665
79543182
77771160
454627412
73594787
454304282
692651
784380
939194
969207
62166944
56525371
15713936
88670293
69466071
76500513
63241916
106988610
65174012
93557176
63103296
89296759
2289190
28655521
104437184
107878890
70192213
64309680
12566352
17681697
407509062
489453032
433389372
3386566
115706582
671194
81328592
142262463
76543395
452827522
541681362
12601528
108122748
96259942
62293830
83946097
428405232
2422942
449029682
100925158
263416
66924806
3667174
73724275
69323104
3088341
3372298
80696606
391170572
543724472
61793983
97900082
113514158
784833
397764982
61424049
412914282
846669
4672361
552576
448547482
2813167
9858261
351652191
686786
881742
90976225
16737269
870068
14406902
2553110
3102832
107422818
76376870
9806065
1165952
17193027
91151401
107749888
42187451
98100190
7706034
143172954
439707392
1068523
519078662
797546
17221605
102646354
13179710
42855631
1103103
70780721
6025735
467205232
3099905
7675404
81072046
58782241
60767065
3152088
65212064
5404430
144526900
61102353
705869
371473461
63415558
7408086
62743413
3530218
13636684
10011562
663308
3359009
69323103
730804
5380769
67238737
78282333
6517218
434591602
104599454
3116412
610095
70776351
91400138
125703422
551267792
64940020
17691003
2231638
992292
83059526
553083
867955
3257505
61428253
886654
85372104
1248536
387447121
460287312
1121657
110153490
75325760
104787334
609372
1099793
465651962
452541222
17442625
67567464
71232552
3098267
65545492
428966662
1049923
449446662
422835882
425845532
399224262
134336130
61639627
71522392
385566771
456533632
99339554
13783451
90277489
1121618
3140975
2374799
583690832
141341973
729546
71902319
106554714
102906836
13543735
16645089
129634290
377499981
527817871
538004202
135876000
144826118
79964472
17820178
17606940
140747091
7646465
4274022
13700650
387368351
5422289
3117822
4210978
143909206
142082313
361134621
79520396
132296606
126219051
5404557
59940991
221740
1090216
101009320
64074731
65446374
9809716
532407
84268129
75609915
3140369
450485602
464852442
966507
22589301
80112340
525348492
4301039
67351315
5805463
406815322
559662772
3020071
519717502
566197
143170510
104768246
70562297
75645178
98922726
70776352
5453903
403282062
32109771
2920971
111846830
135329890
120836546
69135863
2101627
630374
83729176
2520233
70646043
378804161
534508
137727929
3129593
89824485
72127854
113475584
3489487
435917472
143781202
9812727
583044
522185792
14552289
450927072
385031151
141826581
546255352
78238356
1584478
7261387
5596985
74427072
102426830
79085141
417518492
113418524
43473361
136341100
97022212
69473204
450924462
5754463
374265321
5612141
72193797
95730854
387149541
145517432
4463699
117786120
109703254
71967039
1581835
408728922
65737077
134690308
1121653
105355292
15702008
460108972
45673011
81829046
451646542
16231091
125018008
71137141
415274042
3835675
3098847
16295509
535449902
13144304
936462
4134342
594336582
569247262
1174609
74816421
102021715
413441572
424565282
463814012
80166106
105011274
145101236
548054732
506941442
88195333
2542120
14760997
584325
401863772
75779612
797409
52856261
71512437
14461659
62936664
71927594
13176497
115180790
120836910
118895976
83111372
443007502
463394462
442451162
17442112
108734810
111599586
2651704
87060163
65601869
381107751
142749130
134592771
358607491
68171062
16569220
662779
110887722
2124394
134736894
2480952
1151573
68592603
3747691
13131979
142334711
14669262
7372382
3605589
88715653
96770646
106636048
3105318
7402656
3973493
733611
13526195
532007
118899100
348916581
82457178
94568654
13160058
573387
484601352
141164927
411556052
1583108
3780534
7398947
568099
2992843
144488696
910627
86114749
937951
15387588
526389932
78475870
66361593
143533258
64299916
4848221
86646433
136331260
366497891
74402744
66315363
15105639
127063153
913942
123341528
381050091
5278039
98237478
417125802
624783
140857423
806593
64107578
401358552
90258135
662490
125606538
120240072
109618428
375076281
357105451
62376295
63264142
414456192
17135089
80715014
72333628
451646572
6953015
622149582
129473380
118364656
489572792
83059094
1161657
522083622
416643722
126721477
12399763
1055677
109660228
2314471
3099825
144204692
92991474
3117869
1165703
90630493
87317645
13142617
450804382
882931
449840692
4284071
356103941
3097448
135724248
2161211
1583114
139763655
483916652
7337143
16993630
988077
97714558
64324502
397141362
3092817
85963015
62894197
18227778
94107904
437203682
15157257
16645290
3851861
95057498
560320
1173627
7272459
3122974
80105574
376178201
449840602
126564479
105228360
579497262
532293
17610809
132635834
3450534
551679
80717796
2512157
138791069
109291510
20288501
71710103
143291698
410272642
143783038
69938495
346789161
70331833
7512059
444704072
14250006
143228840
383561831
62652680
396536482
5316979
718400
2320381
95661868
120225486
92722970
548074342
135151150
54604961
3130371
3110852
133580458
132783600
91855128
73650853
54005201
3428781
70445141
1095830
5094594
446678102
2751035
78800495
78233501
36757911
46438091
475164462
138540027
13789081
124218946
14456291
5275936
77925585
263331
5657993
425597332
532915
142335557
76881427
3751263
1575902
422130512
354073881
416766342
454446552
54604881
412814742
4682274
118183730
3119072
67320702
1125097
88936751
393207872
352933451
113424656
140677581
77434158
4605068
87126469
71171825
981985
454357932
84965601
74294996
60833409
594165562
3359745
660764
102949000
64607966
14250005
124995668
119849602
3125695
112833584
906582
94535896
17168782
134061406
62723998
60946210
3996794
86373497
1573434
62224829
68515137
60733834
116912772
350080811
408505752
70562478
392771862
535421
2299660
464879972
2149884
379833501
62072097
112667062
15641322
4253532
521601842
14164429
139863547
76543369
443844412
18088992
527487341
7314604
5664176
127322365
854551
92651368
7314581
362777221
119701002
13719985
11272783
117456678
388919861
65551831
549343
6720555
49945791
92097624
75876781
2185082
93543580
2480945
79041526
608422522
79162101
3121388
567679
43816991
71631684
411447902
15318769
15597948
76689135
402601442
447219472
104540246
117690576
63617189
70079964
130113321
689479
555913072
66839181
64305009
3135726
137725077
17607155
1177867
3148677
134546947
1184182
922183
103109872
103551844
546301
79524054
106095114
87397473
88872937
2693378
602899902
423690792
145388842
5170991
441452652
120036840
78755229
25522371
10686134
4209675
88767037
66438239
140295635
355814201
13250385
3112540
10101750
62754677
108113674
114343522
136869762
104622072
137093644
98715752
107233860
4619467
14927757
14193950
3092236
106130344
81279816
423482182
535419
1156898
68075512
3122712
486316252
83991859
97849858
680627
13179711
383803951
97231074
131218578
98260000
107034410
65554294
85773205
55179541
61249544
2604913
65212070
116944956
390814291
2820793
106297154
72544949
686453
376160601
66314860
66960115
135870190
72046658
76543392
92884634
72398845
4288322
65925370
135428450
121591984
4433329
135446424
398773972
116955098
13912852
417357342
4094320
424530992
17978520
451654362
470609072
85893509
913671
121591750
16588644
468552092
380548721
422566042
83111380
126401715
3152786
422234112
144949356
