532605
12785828
369673411
64607966
2314458
483760432
64289940
58779371
2794160
4833722
3090793
134948420
3905056
511515822
94664190
134028346
3138798
7703598
85986323
3098840
453612952
125539712
95225618
13370607
126976653
130081816
66898516
145517432
537612
662432
103448844
438865462
80728562
12026969
26214581
80861472
984398
11011578
937248
60200381
694618
452884922
140854893
101172698
1154193
89388951
629899842
107980710
946476
64527954
14113667
2426335
559481342
8086129
1165184
474043062
115705654
140356575
6427339
126092539
87397309
4185902
450337612
135980080
17827287
913689
439484722
106135674
409964442
89977351
74506420
472992602
629899862
55179541
929222
1107820
363809271
13651718
921705
2365822
1151535
435821802
124600072
801671
140485427
358680521
15165351
4207602
131323338
69552385
113318532
125078662
74078007
6062237
350720621
8253495
142175869
137130338
412710302
7006342
16433500
3320764
3138155
78934726
131744724
14881299
613969802
107688362
18240731
948133
130012244
115824710
71630465
2160741
144390266
96259942
5248862
65475290
13179710
432946872
79589042
366474771
3296376
116944214
845910
33216111
487029692
1078003
3152010
71548180
63459799
112662272
70536093
94184746
63179747
78671171
7600666
410495612
79543168
102341140
786778
13650931
90099467
375177801
394148012
489063952
979041
75610675
1172324
68592603
397729432
369223131
5472082
62290949
7868651
100067510
142797438
632228
72934533
3130319
71844141
123868212
143952470
410632192
13210872
6705651
11897729
139874527
90563091
5891522
1028432
350447321
415315702
95987682
617782242
75931692
5079323
2511970
5404549
916259
144475792
7117040
128547985
567680
6907149
2256915
4123014
1143637
79930862
109169058
141780593
129636210
104533170
19795031
514922832
139888793
471136892
524157352
381107821
439324572
75819429
7372872
907770
4642492
140689807
587132
71415361
2271562
1142755
142610360
39056731
2992868
95964070
138547415
145424748
109431918
2530867
1140658
789312
2113422
7575005
13130983
552080
375196321
402043172
142584192
76500485
3129691
3155471
351594971
72567687
108113674
12292185
64324502
422214842
3658609
581082
520827372
96131258
91543334
128094103
116705130
4161884
103232296
2156638
3616652
9837152
67503800
73323486
89736625
383826471
88901387
15026174
11964027
83059288
9891535
481510382
2148749
114509984
551679
87275817
481487702
3130430
16711144
458840912
518485472
131351888
432805302
103823446
513528152
66404564
7179764
4094365
905697
90240221
134711946
3016393
97786992
629328
12267369
1019524
70403437
7706027
124655938
1176050
69000161
529581411
124937302
143066562
103214992
111780320
111780296
126368273
107544238
821615
80556548
13394792
139216535
74831873
71171865
497537152
570371672
463794542
422811682
70098442
46119931
79476052
1087366
2299660
394692942
488547232
414838102
104520644
109168976
935967
142594564
14490160
97231828
132148022
137260110
16260784
3167377
5217630
410105882
63266242
3089528
62818011
14245772
400435772
396458582
727878
61263041
5404533
382428781
346001631
346468561
61469704
61569728
401455802
3599714
61259501
111780380
126035855
140421777
536420982
77784274
4711056
5430413
107406104
117731420
12210099
350984071
1576190
85750572
13651707
3135733
3129679
117289270
911241
359786391
353327051
11282935
2813167
560274
512070322
78640457
103672304
510454682
86953425
13128241
136341312
13975778
92570970
65938270
483588812
141920303
3167839
561856742
113203676
134874502
67238729
127676515
13636688
1177867
104622072
102360952
6487922
75867423
69390867
17605548
1015071
7857647
17607216
504135762
4080920
439324612
350963201
625398
5317037
1131131
6904555
138128165
27099151
1054614
912742
3125893
137726201
99358978
427253282
477846532
118647586
3835675
470137032
99684498
69863354
347385671
2630675
379609971
343856421
1155108
3148105
2234314
134592671
111777906
127751255
114811546
65393597
71788159
72544948
3130014
1108115
111467172
605276
11210428
110230842
370626811
5902858
128947092
5150299
65039247
5708485
13129198
3130368
107607898
67755614
117497584
371980841
2244112
74872140
70026377
104065360
4207679
15586286
103051046
72804702
2889763
13066534
85838255
12334078
2477046
69686461
528823651
13529560
761220
124600544
401393742
2170507
113989356
62512442
3102199
90837797
123788274
125544844
90415407
4217498
144946902
74252546
91599966
77235297
852190
126452761
127362197
348659101
2794597
3658058
916339
408988062
101235216
3493887
13749633
501851822
350027751
403700912
2503272
107541566
994228
13654327
70238457
76193044
533609232
116874970
75212314
909884
3462875
3130304
16293862
464037062
2812310
7675465
118190306
94635148
664178
549834
102578128
80112340
18063163
2315173
144456008
137231520
750460
73510206
13437958
137727241
452248242
412710312
71590746
381925971
17605368
3111895
62352508
94354518
605957
3087494
7372874
15586246
75876890
61860867
69071715
1131129
117797228
68446355
78622728
453844322
507755562
62166908
7012570
65356217
3135561
115085498
141827557
1178334
13442454
96402942
92871296
3130445
142497097
82265296
75063691
62376288
135641836
109797158
68510255
84268165
77769833
90728983
557254182
112662370
2947342
3167612
486024332
6106576
132196532
62724019
567679792
77913401
17944084
140857827
79567060
123341274
16462613
511036672
2813176
130665240
459472042
61723062
82534770
70697363
409166182
536889
2157805
526591382
103145282
538825
624997
133957066
127724339
105069592
110265034
136127850
102208704
97156040
1579477
65544800
473526272
10237962
221613
135849450
64650062
487062532
678044
70834770
134036212
1149832
1097655
7044058
511485792
71645431
109700116
95060040
514925472
4225613
76242037
140930877
64312555
568102
13113941
78712307
730428
122882538
75980156
144202948
89105691
60946207
130495956
472189262
141791799
107744162
74427068
16150167
72790377
67929154
12711111
548348732
5094040
5679604
15613151
576455
13112877
70079967
15075139
91043963
94664182
86833859
17806810
423791842
3166518
3242640
128249699
89412749
411861062
83496748
489034862
535526052
913196
12619469
12255576
69808478
513645682
12383070
78990533
70904018
588567
68622488
4282296
65445461
2374799
119004438
9858276
114811548
69105419
346434721
85202734
143172418
1115907
375050181
13651712
2889765
3011813
89860941
2282833
75434750
378114151
108626752
92739396
2813164
68352667
144032596
4299871
626283
361103771
520827292
6697439
126068145
139470657
559617332
956509
670925
5644736
8041652
6090455
90293313
89882669
1170598
369184591
77380872
2302625
69938495
380684541
500084792
66480897
116944324
605066
69106336
892928
71171863
382035401
4195714
74077847
3843299
1581601
91565902
61752797
94557878
89104043
94195822
2283857
917257
128458659
5097017
546790
107394234
3822135
532007
120165858
107232160
609372
485918442
265150
3907871
371978651
99029030
92053090
64304812
4762933
3152105
103035400
65544797
3658139
4603411
85230840
67300786
67238731
1184309
23906001
2536948
12754294
92065228
2718430
3257505
138743011
425658452
46372111
1015329
114395822
1165703
64920072
118364656
397729462
2121813
505015222
572227
74494858
426048012
136887800
397141982
108066448
143060940
90250615
486928932
1167886
126911425
3386566
472992592
3896443
67845891
377447721
3893202
2554630
18056488
3114910
13790457
110849280
73707725
3087475
128099517
75128237
126938657
101925161
61110496
1109731
39544381
3088808
102631390
106095108
115707018
136710424
2576083
94727038
1724768
81662462
988873
1111794
107878888
3120266
899694
139904165
61312401
11206810
354045701
13211888
2970051
67238736
1176221
143055454
548365
402044422
104542946
3129993
3129592
93477544
1175626
3128096
84860559
136236398
912990
440823782
515509302
7291252
92826786
15157257
980174
143227358
2519846
117581632
64381511
13724927
711400
12335569
3087241
61109754
107329232
4209640
525343612
13204938
5895281
1087017
3389903
9489784
1178332
520031902
3296749
2262247
2553265
71110193
586163072
906588
2249235
432358902
377717641
9933781
70283303
365642571
140353421
62723999
14134697
135374166
1111821
1118865
467730662
3157553
1583108
623698182
9975934
141433457
61005365
555642
1564376
402137062
112662372
424625262
365067
511934902
128945834
523286342
105781402
139102823
3395202
3103658
959903
81940366
910272
105069590
123342780
10424282
76027800
14769208
923054
913683
71594264
663308
10177531
95933842
7674834
87661745
109176404
6030261
136619776
140869469
3616640
475164342
1105330
4292258
669799
132123626
84791837
1103942
88001911
7854284
130419356
3100559
87957613
7922922
71590747
81418000
98358966
3313753
127245983
61259507
124220570
132635290
834986
1109736
71483080
18190270
80237032
12815715
580851082
423132742
521569782
35946871
77834654
141780587
910912
765436
4313998
112662266
365783551
3136779
131460536
74121339
847608
64387136
378538061
9919586
1137234
105498808
772257
143169102
126848547
13651702
426050732
530917961
415225082
10498776
96319718
391786232
142746786
97756990
428753572
2282841
1564562
132625720
2802085
131611536
93477546
412508522
911149
75388160
877521
107329230
39940921
130855506
78176708
137980703
549995
130414616
532673
64346873
567679762
534462
61005366
89430171
66554899
1574156
3129364
927900
69404591
3121749
375874211
95890670
787190
59943071
143172438
104088780
52519111
82257536
920894
86490973
727720
3598719
82265238
83151634
99550092
66465545
143987374
613568
3072020
778429
6297557
367292631
421788662
1109703
362302751
76220160
133196026
96316288
908434
121804864
6211042
912184
60742275
122447740
469512042
94958022
546578
969349
124600540
123448394
403867442
73707684
3119484
62376272
3118577
78269286
13787135
2275918
434591542
99156218
139874035
126884459
1165845
77918556
553840
1039986
128337363
449042252
3140135
134026180
105011300
111937792
387526521
569832162
99601784
89824821
429975012
3152715
127468313
5968914
401794812
503169162
116840964
533609392
14880812
541880
114477730
7779491
135689686
65779793
4655290
3135143
131351884
910478
79041529
73922864
114393886
101264042
2243341
134030308
140721775
77380170
63229770
65356224
429974992
238300
6067352
66190268
84668445
133578386
82337926
888118
5812770
983234
3131209
109700112
7163213
470529802
135373086
598883
63094652
8164649
78671166
5105781
144991372
907585
7382555
3121388
107278774
126847589
78017142
92172002
15593568
357495391
3957722
85918455
129473376
14515463
106314294
76984849
9806802
73161897
500015542
124600538
3787855
5341218
83957923
142433077
15780056
3159313
1131132
72933183
126368701
389063831
729546
1049923
86922279
412536982
415311262
381431901
87651091
126609115
6532758
438740482
61644197
3363711
706840
142327485
134945960
3164176
629466
78662915
75313461
122927610
397764942
98320662
11753376
125333404
69574422
414838132
33869821
677418
69447083
77846199
136341488
87275879
3129569
886649
59509591
2314471
493108522
2271566
406824682
3154603
49624271
614689
472898522
66374218
13704591
14352333
884038
70429415
69331513
86489749
491446942
143171642
4300032
613488992
452697632
7546498
13247454
103047344
67294770
144274274
2309090
2241889
15024608
880949
549940
1101780
6427338
1177883
2150058
134212668
77235291
8146752
14932072
17607002
385031111
15586213
2847475
131782534
3146991
134869068
66644956
599362
90354599
115422782
116348610
362577211
133639118
68513660
569247262
1582259
71483067
114395832
2464635
68771817
129568030
508098212
83111376
69417695
916414
79567440
2229726
5231877
13197416
356116101
496545982
138609511
943913
597166
71129383
66465549
129473380
757085
567191142
96646386
83753452
366430781
104660806
800576
7294861
77087849
3092173
3089502
80792310
4289176
44088281
12801783
67503807
15078245
117114704
73696389
82264196
130009206
126331807
10177766
535752
351664381
7703994
3142380
512565002
5404566
91599964
98025554
845908
17347967
575248152
470815612
83890421
391439172
143464436
72925371
476918332
65583035
119465388
418453692
74383430
2176913
437211002
423097622
463320332
2430331
1117105
62807846
3613837
3156143
4208914
17588289
670897
421223452
1140665
384701511
105413210
470529972
87675719
2211812
393832822
369048791
1113825
4764135
474654812
98012644
3102238
134134614
4637227
124262672
96461836
66609818
877246
107369408
119967544
3155221
74191300
62984313
345192901
58075201
4946882
2178582
910212
907922
14525086
7798411
98975372
11118881
2177862
410432042
396118722
17199762
570650
77415943
129580504
1089521
3152791
54956571
112662368
3874951
119437180
138127647
61109745
438865442
459195702
82257956
3129595
534727
64607962
3886236
427219192
3129596
53288981
121929600
434275362
457266502
3437883
89538851
920062
6617373
674958
877408
67238737
142181859
89860919
