467988082
89868679
347196251
364957481
88375971
10197465
134533250
76149989
79088194
117348276
583775612
90326361
5404598
4253028
549910582
387968211
10686134
69200844
65208176
101648713
89797181
78106684
500993022
586961162
409964182
132629552
3135334
143031344
935732
67439510
86401367
608758
140132653
84791027
60904703
113332688
3033950
69713013
66823974
20724831
91467562
102610238
5105070
119429176
63034752
66190266
1056919
113430070
60901412
75070408
28269491
3256033
538710602
42855631
85456594
265148
61723279
78300392
96085904
52880151
3671263
131285694
374549871
74165068
907073
102927406
58786711
129634654
3765178
552588742
4598043
311547
348423371
76394286
104511444
9849814
71139470
16161057
1098747
81201778
81609384
35554391
140531511
69879242
78399008
994493
72165707
73284511
100913270
17453554
6992753
436551492
63263961
417773062
110151936
7365621
68070179
5657989
117371902
61723627
67167379
104576288
5974920
3075136
77698470
110109476
606883702
120738154
101764797
69122692
496157642
13671892
64029983
7408112
831350
73219998
553336
4585671
535317
2498437
75178263
2813982
2182450
65565227
103549360
63985692
79598918
63015917
4657553
4217501
4634865
101505028
72757329
280556
112309466
90214733
136337012
1277784
122701266
10245648
107724712
72543807
66415468
717358
71612028
4209635
506655272
144016700
4097303
120946054
88995553
72569049
105769736
78293115
91935612
67356635
115709066
74515183
95973024
66453821
14393614
400900882
14256142
4254261
4042945
98637998
785125
935419
111780468
358481641
462844222
144948164
1919130
100068942
76303636
102242812
69439294
547114432
13129205
103306138
464419652
79589202
9997935
75570733
32143181
383543771
4468303
733429
3155494
35946841
15421993
97978508
294448
504135772
3147740
69712613
3088130
357565341
7270011
4966791
1114667
16091044
5987348
17545093
77856796
77784273
86921769
686048
76376872
427607542
94676694
60768658
357173301
71420311
1176780
979272
1078870
5490598
72712484
13145326
134036234
1079308
632391
77369730
102599894
14615561
93851022
773697
6732799
95265334
5191889
6524059
424373252
127108615
367726161
62548480
62166929
508551482
106847396
4253870
78177002
575916222
11225077
81940968
93384842
17330683
445238192
93023788
4096752
78017002
14829887
103050398
6301326
6628158
130972828
102631038
125972317
6592573
553804
2602632
66374235
60702885
457305362
92872160
1574660
88193665
2525877
65691058
64971282
810557
82516514
263335
63518122
520004952
393512422
46712061
62351299
1143342
70266757
90318201
112662388
17135114
17114029
3730668
3075155
5334032
373732541
13131916
91575218
75320046
458426172
671141
105264776
117020662
17603380
65395558
27016531
76066730
116941212
2187335
913693
17490580
430085712
16028127
17560203
377457791
16020972
378754421
5662811
353577391
352032821
447229582
9938316
2206115
56350801
66242024
7804693
103445134
134521838
886443
102157272
92829088
16160983
13148548
25576481
2738935
386119451
70386430
52880111
1578993
887680
861317
365123581
7533122
3979724
94195484
78620435
124266878
424030182
143897854
218036
2575690
426001162
16571663
2918838
130602214
75317576
398304212
1118966
786717
6521119
374110051
120359040
16339554
689452
80905172
57727531
67954029
10279933
539080
134012978
395452872
58201441
63179738
7270012
61915579
351919931
62738413
94609844
126668747
45594211
4833731
84721923
356498121
4301865
4217508
378796211
84668849
2423891
13165737
67406844
76019369
79283107
129121520
409380832
532268
70051866
88328691
100941926
65395538
112469266
17081817
93638362
86016245
61723133
63358012
425845532
140295627
127242913
15929310
417001662
3128267
756285
628247
69896834
14896925
88376423
122450802
5848589
61424044
62039341
144142412
382949781
452768592
526581152
67364414
4230145
69712611
79134435
581077
3093068
217351
99312800
91181249
104816990
13393735
61723008
2169148
70325541
105850160
135997890
143981872
73946283
121127116
11747914
134298396
555636
70360469
103270848
1179360
109703514
133204806
75458041
413490962
64300419
632222
2967731
92141160
62664216
68359958
71680579
90240219
67488103
3033869
77047064
386012241
2187341
70540908
17392824
64074666
414838122
60256271
7270264
72755031
87132601
141102323
16499761
15556194
6297553
72568075
263351
70412220
15433698
25574811
364962
1369749
140182699
80617946
113989166
18240851
392778442
142744716
9438565
142704140
2317826
1446822
78304463
69552397
141159339
81363212
416953862
6169870
981201
23890251
18205226
33993921
124105990
7675115
105011242
585994092
83876579
68100243
2275920
70322139
125544382
72575956
70812768
67539564
82264288
88939761
8138866
4598371
69879261
125415260
10308117
451675412
80840198
5746323
3151326
122435390
91935644
1739021
75947120
92089180
15593563
385074601
6169846
15139777
6992611
12302885
70232464
111774722
409962022
89834817
7283149
15593566
371625791
4834217
387942621
7862993
17774450
98028110
106110940
352061011
365750371
371959051
7897971
355414421
123945174
369108371
123883254
8112401
86233365
65039246
37734391
422120092
76231999
5223918
723876
12991020
969434
89882663
491898322
61639580
4204383
8929618
2155023
4225617
17135109
7928085
112580692
136806224
113426188
16642499
470644982
92648506
59509621
586399
429698532
7996724
8011850
94231390
75945302
3544007
542911322
385097451
10262238
89296979
145458748
490680972
7951468
87651185
115020488
90290065
13529566
74111746
365350071
72924914
12744680
79845540
263299
80206914
73707710
569329
14948693
94745958
357999091
73921142
344884861
65452726
68417370
142469149
7667264
61751493
102553648
2796441
6410074
1030221
1151574
15962407
3122976
60758745
93117550
379095151
141740419
382149061
52366031
3437122
132634780
348659171
4764906
101673719
138105183
463194572
400690262
411201632
541879
4306044
78933246
5404577
63357945
61998527
2550611
414838182
77325366
4115511
5400244
4184646
61308204
452740462
17453559
66267933
38982211
456379902
515156522
10279760
474622872
603946
9811220
68345101
79472617
3133173
65004123
113516122
953603
6414665
67549264
4762941
351510251
73219903
2953166
32142121
101916653
39544421
68953564
75753214
84693555
7711483
126846513
111027336
74078008
2283859
17449225
101613287
1160971
93183390
78737163
127275887
64931064
127878315
43271661
63045023
8235622
963375
1136200
88732749
79957766
118660574
626418
14099367
617737242
138616585
125244224
40198471
70051867
77800972
13204940
69987016
3164155
66770160
70327921
920414
70386517
145004108
103647920
124220584
81656608
231820
72557824
2541568
7408080
560281
10199962
75740025
449023032
452696192
138792613
71667390
115426332
71699942
78135822
63565179
67122772
129313094
406731382
438336732
131228030
385974521
90408897
1097393
78208939
98356864
364957381
6461684
312141
13832970
4301427
96507502
705770
117513852
4116811
69159385
70078874
66864173
1576424
78016467
1101630
100479122
351239631
3731097
98191312
410092592
140931757
534984472
78282084
94271196
105244530
460459152
548663
1066565
128839677
543892482
6113110
103515164
99900698
13837387
95041852
4298293
105154668
46233101
93806526
141160823
861330
79534698
445804582
3130431
37705051
4125592
472710752
77260909
69552417
61147778
70213219
62376345
99451472
429978202
75925168
2456723
716453
86877383
571216722
52487701
6823892
142391901
3092309
424800642
18205230
419139102
136336124
65768153
138634961
141078413
86373497
4007262
126618599
371629141
2503276
90427391
7060414
33969251
90408887
2522069
63413257
80121626
75920522
76801028
141804831
67534376
126844207
532168462
457596012
3614421
13632085
63576905
35781341
17444661
3138691
137726987
78010090
144806576
5477458
71323448
468239132
62673740
140339621
69071682
928524
534580902
291992
70232469
13499096
61142287
5639242
144548394
46226321
100432672
685168
4520397
145376116
769030
4763683
19071671
7779523
427414402
354668181
82199332
7764687
12302890
14461659
67513265
426047942
144387998
62894203
15211178
313640
52349501
6207160
130854518
106506522
1118077
109169054
4253415
83729198
128100091
73482399
2426750
70335419
113731868
18181613
424463462
114788420
90102481
115784516
69001447
3119900
12302887
440962952
96061182
107755168
2454037
636222
83938209
928124
122016712
61637453
119046810
859120
79589204
17968378
12654328
108075544
134240592
78233078
14532189
23913481
66554890
91905650
106470450
91927360
2313272
76985015
2947047
15636336
70081291
405728272
63042038
995732
497305062
97868042
90408869
137022096
13025823
1103102
62166906
6855084
10018168
124995632
118559220
62393974
7024825
79036884
127246879
3131840
552377
82135994
87335761
4225671
365344
569429192
121720212
2954701
75717118
145280116
130727756
357724051
77963835
74872225
102920700
78106726
129309208
138300601
2293791
929084
504468012
365182
61002678
566197
71067960
2640444
370668111
129926472
477676392
3923368
134946650
925829
353483471
1140336
17862296
33309671
601183052
11746304
77475481
68243308
135203382
69122697
137259058
107351016
67319776
76520778
70356664
526885832
144530014
69879252
434614222
349754321
107742762
103739818
137152122
3148168
77234429
129642250
6812365
446115802
76253017
4096755
72717414
491382702
460184472
17941323
114107950
133115386
4108057
529195411
73594787
83059556
62351286
35781191
552843
63460244
7292418
119436518
1165174
5816521
13129211
12343172
78650397
113095910
69105564
583316972
102441530
118523086
144293068
87515931
76489787
2185417
136331382
626123
85454768
453543012
396427632
105011236
5847751
14874849
68511564
65395552
9434377
74401554
111612752
12291527
3356797
6657442
130797190
101082054
102333202
89629797
355724441
628266122
13651559
70553176
79466943
690887
3140064
4110989
102345206
62624914
4011403
13203719
17581862
54754741
16339573
430256632
7706035
141266511
102408414
74599637
102610220
62639386
62624913
541393
136336116
53825251
62664210
2124976
106474582
45044631
117310114
2134064
81768114
131217910
884900
61676408
81486874
62165264
496849802
7460106
76575944
6720639
83858600
139890497
524827952
102951024
5078973
4603400
3135034
123828090
476712402
66786200
93916046
104233800
17594631
5472102
14525574
10420672
16645290
507333412
141826535
139138751
101420118
12325076
17181739
6930741
15953729
485184162
26614701
1101118
97269476
2534179
137238844
97978288
103103128
71105389
65361239
61642858
145458744
61972435
421100932
614756502
10697605
13483779
75254256
383831741
3141528
79089484
455603302
100049640
599355832
2606173
68458727
82411020
83124206
63100175
2295258
86401371
15597946
621263182
70390725
95890634
2986360
14500217
80870300
68515264
75429581
12452086
85495054
552663852
60890205
14519028
122946174
7794029
81822304
1152973
73219987
65326443
16211704
98247374
79589200
7777963
7285044
12441171
23905991
6494763
370668061
64332891
3963798
677370
6690255
63413258
33305101
10245003
542339972
2516603
15848604
77800847
98688466
126848295
10604165
7928041
6278729
57840351
123373232
791064
4217495
20508461
67532878
105192414
67248576
565349942
355777001
70216972
7779900
4520995
110812910
94978600
10540463
66890888
3765804
586181402
532077
515078272
7556949
74061853
2954677
2294374
10389251
7330099
9993533
95200808
353457511
7705892
62659498
66451490
2440661
67238735
17417612
14737958
3011587
127043979
90630507
10195937
7625144
3136910
67565664
72125475
13025860
15696787
67538011
594628312
2604911
111027862
135612002
60886410
122439642
98769756
131449208
22370761
413664422
353483581
5158526
17479889
137986889
410210622
393441382
1187111
1247225
490080462
107471428
77573538
123807484
144983772
5526004
380521731
138655163
46233161
1287248
367873701
96461828
13160838
479801712
63100154
3732049
105278284
440092662
46226301
381422881
90318189
534725
616970802
81518996
453824982
105178712
5190245
66472793
353991931
94652670
3157504
80617960
77555049
71247303
46233251
37181461
7812632
10273860
91018663
17690958
67638895
128114265
69433237
90661173
97313254
841006
81201776
552400
8086126
143919282
7217048
679237
92305558
121895734
532909
6596829
92572810
71595775
83117426
863249
356660301
2514792
548673
636220
134521522
64972420
66499245
76555930
112662366
6298359
3090430
107402684
407673232
17542811
407339932
6907361
76150910
1077176
13719954
63006384
4878544
54790571
574823082
605011
69214613
143172954
67968301
1369714
772247
107471414
628266
73482400
97155910
39404981
6945271
6945264
4519514
7298083
113332708
61002789
3848184
136272460
994488
83059238
63893613
67973997
66020857
61839631
105011226
421426682
123494358
3119060
123183086
539797
93477524
72795468
6580746
64672373
13247121
78016621
100432650
86509675
69552408
14519026
90250617
140860383
12325136
74041150
13840323
124853570
1000121
435491492
9434374
62710243
3119760
77897298
882288
61754274
12711113
7157487
141948069
78383552
12660659
119976320
355182921
115823710
2517036
611496
113989162
16821357
62791892
6462561
414650452
2422781
87005795
62448698
86305409
13625082
13100464
68854008
72576341
82279478
7562495
576460
69627777
61239661
79400821
89860915
113039544
9434372
61397203
108611234
953339
83837260
66887842
6169754
62166957
92830178
86730957
2631022
87772443
89067643
984866
460182692
530117311
7151683
540432
18035902
68120957
140345977
4708316
13131863
2420405
92213550
4773182
1016468
72100960
355182901
128601737
546301
99556710
87888085
70531356
370668101
2183622
7564123
69879260
131338268
380548721
136339554
14539833
134946772
64076812
375930411
80443594
100814034
129504802
136333212
121878124
391314742
2161476
62791890
65003952
511035712
33084401
72569705
118195298
139811281
511515962
65117527
424037052
80866604
14598347
347385901
356498141
9812695
6517508
16411134
6635015
422522962
17540839
105578158
352061171
120803590
86879101
11288817
124812290
3002369
401840812
2369977
129359174
81662468
38441141
70536314
137324812
1105733
71152460
603380322
2812602
130484536
87998851
4227703
88834131
13139457
80792316
11222560
2204604
569166552
75388164
7949127
60847286
1563536
14490362
80690212
508370402
406731402
94340896
98146002
69162116
103152374
7779544
60831489
463377032
3158289
140421785
77627857
395326072
397337012
81797388
71432801
515017132
82060720
357768681
452689572
144385566
84883731
9812727
6517504
4621664
7407839
128421145
615947
7129050
4885709
73058488
2793681
111357310
896087
7844201
3356773
412782762
117322290
94780984
2918825
75536772
980286
68904989
61419158
75250663
40158951
371683361
1049989
73696387
7868867
5404583
125987647
13437954
2216148
110008872
7063934
5976174
74061925
2967722
7430834
84908527
17248767
60977518
16339569
107825974
373446761
62166932
13025820
2837980
16571654
71974206
61723115
2203383
110691824
143039822
371373571
7853827
937083
7929128
388715181
133732042
62847159
369207791
75814728
816701
7408870
79088574
15929304
106851854
136115984
70581564
105355288
44990111
122453160
1176574
117739704
85543178
14887680
99466510
100115952
130855270
7928588
3075133
4253877
434065572
740773
13131862
126428883
3589813
74948375
15408617
437290402
7270095
81661460
108223684
6231584
424460922
78213551
532915
1008557
78933256
68414642
10619034
520609792
75116551
113366538
518775872
119437608
117797208
62166638
2794646
373970241
82136002
9992401
925106
90378455
105011238
471973852
107318362
475164252
78332994
62496773
98116464
127575683
7560985
403814422
381143031
385031021
15437786
103980104
87397289
130106374
1946949
409317902
2954698
61915575
404233262
910216
3130295
93525928
6487169
532916
389879761
4104710
87789157
72543806
419877012
530510
636227
90760041
91903532
473556302
71528879
688931
943376
432009522
95963364
88897851
101463470
66634504
7667059
122945228
87936457
61664853
552386
14948149
436186422
13130236
77564634
13160556
672632
3132666
93666150
76412100
123052190
70506384
366497941
105264808
17607033
68764388
79959534
82418394
831328
62196093
398292762
100052800
1234001
84745525
62813522
101035782
114114824
10446561
5056411
1306188
14164454
1161007
61358484
13789082
131739690
102853746
911678
65791607
5629492
4702409
52716631
550286
571911492
92830180
3123329
78956397
4234823
414669692
7310443
691615
71137159
443068182
109588688
62376346
12270392
117878314
312219
706007
62715069
71131663
144535428
141145001
13722587
67417649
139200821
88806579
100780050
110994032
114622734
93820358
94287796
49582501
7310437
3113470
471371872
69779536
10285145
3872558
4225239
3046428
68953993
75778883
109665816
128183633
446545182
78511999
408868852
13431974
143031188
7439953
76714937
107312128
448298512
61286243
67526019
77649008
555640
3130099
100742776
983847
4311360
121214220
5184839
930230
123957008
682789
35088541
3361453
73416316
124069416
78304481
108043960
143170978
102670854
567649
28499261
74528874
129568028
3039823
14511048
83756478
133097804
699724
74478033
12612237
109569510
433867602
74732242
124220532
886462
925111
83838124
78516612
450914602
10686127
89076453
61392127
452893042
71819215
17790907
361314781
1089870
99976954
16712341
6611855
5401389
107684606
35098491
68513701
65128287
69944121
2271384
388197451
69552393
1758391
517799952
200756
71459017
69354920
132265704
3122441
113516124
877276
119434808
626592042
4157313
61427200
79108359
62103711
400837582
72787799
913668
910474
61972447
62028700
1739028
347363751
392284592
562455
7256259
901074
61167343
5223907
111360826
993633
3151230
16580012
142986224
66314859
129287494
422119322
3760080
7216934
69334992
61879307
93598368
2234284
10470906
81768074
136802398
383831861
13275694
127733661
546579
69548768
73517672
94415468
286430
2430584
431444592
70709973
10199093
108222468
70417946
576907242
92718024
61590164
356080271
20296801
1392315
6211288
2110195
14539511
983450
907751
46237161
3264814
131225836
16571662
2994496
367311391
77235311
143782398
884025
61142286
7239336
756276
125350688
119816394
2946986
2242031
2547247
92065242
424788272
436543902
79518818
74736779
71717112
4619464
107327772
1153563
71725320
4639836
64681375
75610764
1179365
67292646
615655
680104
4709950
61108929
75655545
548311
471282572
112889796
2692977
95644348
2961498
2961504
5592960
74672946
70016974
17880987
90661191
13305147
25640421
13113525
1097647
17360735
63019300
3365931
71512092
61085539
555639112
112721800
3749789
88172293
2959020
124138264
452785422
786826
84709643
74778810
58723321
440115402
1123670
4310808
92141202
2325248
103980352
5088096
11747930
3129707
64971011
91542576
528703901
143157064
77483552
587382
6098125
10206144
35909271
38250081
69743226
2603919
68765122
114953032
554934782
83059462
3122252
88629063
135350542
42853311
1028344
6683987
73460593
7148760
107606386
118660848
81628444
36186621
74904126
530231361
143052410
92210382
61108303
120850852
81404752
68634975
64734544
133557356
12573018
5161808
355905501
9808400
440529852
64531904
96764520
1437605
403699772
89078589
19004851
6941082
144545232
137304064
8930372
2485133
459955592
415762692
223126
89388945
113788304
126866297
966648
61350123
81670614
831348
135372978
7868885
3107326
16088800
412568522
93135730
115756612
92598530
2994489
6722116
75526543
96886302
62813525
7703898
67929419
15388177
389040611
800384
126846395
32870011
414263442
82164194
362039461
132867302
2264760
143157076
65630213
64744757
61033257
144387584
77457208
135250618
1115801
3256016
123410418
71137164
125778785
538066382
32142341
367448431
38084061
99976960
451825062
15929307
70124537
359448821
115749644
76376874
4111342
3765330
42899661
78159208
636255
18205239
79257279
66644990
39404891
93376434
117299862
134093902
139873043
7375567
393496772
1808972
678363
134352254
440368792
41035131
54340921
84759243
435174732
77030935
10496676
525334532
582285
10279762
136336112
7512049
145476734
7270028
128208021
134803292
76520669
69548769
414585432
31118731
386287471
99216700
3698697
65232769
77235316
900835
42876541
469904072
978913
397729422
121124282
6816898
64470702
114477752
76269228
2575685
84364029
11379163
145060920
4091673
136341756
61638765
560523842
882290
526489072
17449226
68318298
6100903
145432614
100061662
16944113
57840151
2269602
89359215
1718824
71105387
2187340
124603404
61142292
62987577
81310920
7438413
2244834
552599
438214262
78508323
10370275
134781940
93352696
77846463
1160578
7438410
103427048
87669883
986035
105270814
60831518
74659694
17606676
7512060
13132576
12969527
63534315
496739092
131344234
14239888
115671688
412094932
1572689
2788570
15512636
14631392
7429842
431358872
94175016
28172161
66786204
74998941
4124516
60437441
516225412
4253391
65313430
87370725
1141640
8237864
584796
135875052
7395265
534726
82741414
89390585
138228039
89076363
94260948
3034409
985230
3129775
140007925
369073121
66802160
5754241
89184821
119849602
595082292
365750401
16187287
76539677
43986621
79764922
88897633
403816102
5979295
686064
100479474
13139255
64672376
39404911
71886960
73221544
441008622
13083547
500794252
89263587
12270346
1080439
117191024
138739255
80121650
2187350
483827912
103996098
82264260
1115043
560269
61239660
9915084
7439951
15453448
141284779
103738074
123440170
426627342
67594131
685692
73943284
79392551
525249402
67655999
135870024
16705457
69295423
118807484
61239665
2954682
96255474
28774851
15589894
7063931
75834066
110962454
7504826
874313
13146819
13275432
1579275
6177415
607166182
263333
38052071
350802071
568139992
7599816
550175592
13674363
5079863
111133764
4562937
3135553
403915362
7375560
537516
76258156
5093780
372049961
101286412
77963834
12493509
455416502
101807165
1022289
77856800
791305
122447560
7555621
348882831
140343535
63391341
629760782
1142841
7617202
73142384
638665
72933977
7764690
1139844
13921103
428735782
69246360
3100456
4619471
550232732
28958611
1160972
103739808
3109333
4253527
111027332
17451541
131226996
776086
68926928
452893052
135892916
16139849
74808109
63373284
5576372
100081626
3169228
65444691
68175914
449516812
6904108
983362
96770628
13277738
13247452
917981
507913792
78933239
15105639
65173874
471581512
141138555
71668226
61308210
69355584
2420400
370668131
72507479
76438206
4209646
447953852
543155302
83920763
519501832
77235400
134135472
71624766
62166934
70266756
375627411
11974552
265142
17560112
117726864
17135110
17199784
76066869
14464636
7453323
119357816
62856134
97330642
79223483
4217752
137258696
359252031
70031215
73439553
62664199
72295295
65164452
430415282
13132395
71131656
100598486
576754312
384767561
62351298
7599933
118147072
68515053
72273833
378377781
109703032
2416512
135929740
4209685
2733702
411366752
67692410
76892106
16638433
80884814
395141732
550753092
134525898
4575933
86657197
75818740
73444878
107313494
117111010
92089012
131449222
529059401
68386332
426040692
532968192
2659988
2809903
911423
142749974
15376488
11783152
376068361
137259200
439020082
9996278
495685702
4735817
66329032
92983220
95041888
61489087
90213405
110079114
93135732
906593
88677421
3153065
365761511
35788261
2280601
101295396
5414031
4395716
10285015
79824446
3119532
142433061
2241459
969252
70386424
1581974
4518493
438522902
811834
69552424
102773758
72273843
13133770
69336128
553814
6464439
123831912
70585006
373509721
71542371
723563
20723581
66609675
143182566
3658613
75526566
2718608
89423175
805975
4468321
89078599
2558966
376733471
66593804
15079068
2485123
98571806
72006082
58241681
84837683
73216484
69501028
3129680
393460712
73646354
141819325
6288930
7721765
103051094
93866186
10313067
2480949
2454171
61226537
88151263
3129087
63264155
63653811
4184658
68171409
412468512
71130525
76500507
2994504
12000581
7779519
2603797
92962440
2994503
675799
2426647
61229966
475164212
1582567
7890008
18333001
549514
105118590
109145542
83729200
121448104
3254821
5479982
130518438
2420401
63893614
366497891
76495953
540374032
599357
22330841
88589313
91018585
769993
69552452
63391529
529272931
113424638
14458776
72545562
5146812
75470188
71630471
141942845
135877114
2481164
144572214
112076884
64074657
134394244
127452939
541848
412546842
61091572
508544952
98323156
214716
116927754
7395231
1161679
67911716
555650
423690792
70067409
132401602
10260126
519840622
485967482
77325377
413985432
2283848
928534
3088128
68392450
101906833
14932630
78588920
552403
83059222
408980492
67118224
54604961
112012256
381492871
554315042
109703248
61172988
67043069
103892022
103446218
13442573
378752661
140326869
64848628
88936749
64516121
927702
69533953
129869104
122691460
92089020
538082032
3129031
100061660
61915578
407339992
100116668
428978212
137728875
98408444
14489931
70644528
2148257
134036220
2974024
496369342
119434468
90632837
92829314
907761
69238315
43783821
351839121
95938472
451169612
55848051
17105898
54305101
1176589
17973505
618301
79964472
3125361
15118305
104609622
403535362
5868709
136408088
427261902
412546072
460184422
37755481
77235292
100068966
4519002
94652218
68953992
14959858
2428209
13225195
76995378
1184103
682217
432207732
70266758
73067378
96679464
67592090
7610350
100197450
46300831
367441431
428735732
76159512
143897856
408921372
94917848
15430612
140338371
6588199
395323082
62680832
144859260
14154337
67102112
61760947
1108336
680098
68548318
12269970
19271661
4209621
138634945
435827332
7512063
89076345
4195713
404876662
75886548
113059798
143348590
61638620
395336562
13138698
66600916
15139772
451527652
107325844
552407
800350
124603460
100068950
90181247
17610393
73361840
17423357
2676034
609298582
70266762
96116886
93477518
405806232
554848662
352061291
74528873
421705762
53542561
7375559
18076284
452706142
344050631
423481952
2110153
89076677
72160314
13210221
72795483
369223721
64012271
3158281
91040503
72404065
120489854
4634579
1334599
97339348
17446015
60768661
379320981
10202476
65335090
109756588
98316894
415696562
459773422
17099646
482172172
435030192
113420702
74946300
143298404
109799802
386530311
61701190
4042941
542559732
3077081
68473156
78256688
63073839
14598351
16341303
23263361
429944892
105710114
145061688
1277819
71608366
3087814
83059508
79764924
67842009
38290581
72328456
117353496
2803784
1108309
89629811
585109722
97328542
102656738
75524922
8173740
367790791
3156222
86877141
7395219
2470133
107543056
64734645
135202624
116897624
613907
77724950
1104510
61752183
83059474
83838148
63454990
3158753
4184698
84669123
4227645
93442426
68350105
9996281
12362970
2716599
69070731
85017107
62754677
90250605
594992462
1112991
265155
74672928
12345247
135269164
76461375
17199958
84908529
375437361
1247235
77235321
16641223
136332368
62652575
130008322
508355732
122927594
35096671
401791162
537481942
6575059
16013919
77725038
62847161
15640851
4188287
2200214
67394402
90059429
90250633
119465716
7706006
361113771
79274625
136386656
102360956
106521338
129311368
336707051
724039
81836818
352263841
446948752
501662002
2651022
3171392
5099406
144386238
143010358
65706373
2148451
3145759
2947203
386092781
555756
4519145
14574292
452716162
62031186
91143997
81067794
139406317
562719802
68152312
143784528
900832
20725441
3248376
68788721
69874097
356130231
61085536
120806654
16193204
352141461
4274029
61639624
80924346
144763964
94568636
2949926
9812700
10349708
74232323
137209148
363800801
66878436
6657435
10206304
3157950
793796
62639382
76522387
514432282
546763
61172982
69666603
77921432
7868648
128399911
90099457
134946950
4262789
5743677
103051082
601015
126433689
3087828
3141540
62714793
568713
1392258
132348846
887624
1382508
79542042
99827630
79606772
940639
72289024
44035171
89458301
110353350
61103071
2110398
447334462
3135554
80714580
6229285
2471252
366449511
3092940
131661718
6678781
17612253
77897290
444333332
66644953
886444
114811560
574285
94221930
69381685
129479046
4096719
462662682
603095722
870313
447928692
428966662
38776761
4123072
15512632
77724947
13159201
62200274
4121012
68895603
92089084
136216136
10206714
39784111
470202132
110148950
5404530
2437528
61892985
17099645
13471488
13483751
448298522
62072075
383831811
79590864
126502237
8081912
105299066
125241472
65265749
87676675
525351382
133581438
375272081
86036043
397348692
126846189
79257291
70562299
1002915
69404862
2238145
77669745
63045022
78399577
93870288
33237571
61677848
372463421
13430954
12399763
496289212
11256276
17444640
2438245
74528880
535016372
65644538
3110394
77897301
1042543
1187102
68355289
68473089
4800067
79319969
353045901
3788311
907754
78392376
395320412
4315492
65768162
61005533
73518012
140055751
76461357
65573443
136337002
69000468
7117064
618284
143782308
72387089
141105803
13447550
70322529
15597227
448584972
4253419
3152668
76347353
82257930
927981
101942865
133683922
110728358
64074719
15430602
1114768
61723635
61308198
14458087
89874941
102687928
91102555
58385931
115922690
143784530
102656750
12791212
123722066
93477540
401708292
75811226
11759422
424604362
6529153
3958472
12601642
7365623
103823542
16341108
61427208
541402
115709094
66720427
75009814
60705382
100513964
80941142
16065176
3103991
142969264
107350844
71056992
77235298
13141170
116348600
3141621
79592232
118946380
20296791
38049321
10055112
13394789
142750882
83844544
3366692
90985157
132159976
4773177
565599902
517679192
614693
144226452
91543348
13839328
5094418
6486786
66498731
459546692
7084862
73949552
96461656
105011232
526164052
36528421
4670269
440137872
529678081
74370509
61915569
122438728
7117027
479824382
375689861
14196888
82847520
141826811
7043931
85035619
572549772
128948848
132718876
4764439
12209331
43865241
140603691
3124572
144301230
36654191
13073037
2183174
8128869
2674013
3366218
68070181
75535403
374681251
130018150
4097358
7004040
396424382
18074715
7270171
71099148
113159500
522640282
204076
14592465
6214596
98507446
619967
104216248
1174600
66245266
476724562
2500448
7261458
132634534
3237417
495851152
535319
61172989
68926161
578808
3958773
304832
6719163
1344906
14993936
69525633
2541023
99161344
13025821
25574841
144534252
17610654
74114093
428335772
70569344
5416377
3129588
70386458
102936636
69108136
62538279
61109750
71734924
68242314
12791215
4198565
72194071
113863746
4229227
109739422
74106683
9914581
103733328
101823853
64607953
35096111
73517666
67535941
63887780
70697362
136341782
100432670
28269481
78768119
65395520
120306396
128096957
133712110
3976602
671173
102578124
98266316
62637202
6169878
387940441
97933350
1572691
87172715
137818639
62664207
141336219
908429
93449522
13464245
3167842
3167846
3169173
30733541
69249408
99756342
73617328
379678501
3129771
553334
2486976
373063001
70054724
1132215
60952856
81656322
7226128
894918
97962842
64935217
105164982
7625159
1575415
80887164
139876693
24941821
109874876
6288924
552422
137261764
35782821
68971489
61723209
13145273
13209583
485800532
97962978
15139780
67932244
77325362
5679607
123940422
4620559
12292189
91936286
465007272
606152
599043162
355038421
1143253
133585354
80984320
587058
142870456
98356884
10245662
103119496
2675172
45726431
65017783
28407241
69255024
70057776
7164536
72574837
10157845
72363411
61308200
460184442
569213
79621446
363747251
138841935
74211017
44230991
102364966
61642405
2307182
69548772
315613
263345
630278
61774336
631930
37789501
66553433
77482266
64046455
61717940
96804702
110050734
1574666
69552415
67122778
17449442
132560802
7084607
4218717
2466305
67928750
64300665
12270340
522858982
15087729
15487960
61723285
548699612
61226571
535373
89565051
10427325
129699980
69879254
66337570
7555647
81551810
886458
82120568
2796827
129632340
394891962
16457518
140248653
400148232
125790699
120307222
74596893
471990702
3095120
16019424
18061956
92383104
7257908
143781240
69285850
75139880
3943603
88834137
8930156
568810342
5510182
451449992
67164391
143579104
1446819
2967721
112388858
428929602
61955021
4301866
4253528
18053736
3102130
107406944
240854
66190264
61718360
124603468
501368452
107541568
69552451
92739388
64722182
616033422
111024444
11289108
104609616
3154671
6495618
135872996
81688262
3905124
376214901
64935415
10875729
94247692
62084946
630391
9489824
1125766
435821682
8253529
6467783
92428710
143829248
410432082
107541552
38290561
395664742
73302308
88552807
62847145
104818666
5335629
16090932
64605093
535211202
127953399
72273832
104543750
130855168
61932467
143804656
77461193
43339311
99105104
86543213
32109141
7646417
12343242
10378247
124602512
10689849
428690122
2279343
387148431
13832987
3098520
4262739
91018985
90630675
105011224
4520162
95884310
4225670
11918599
83740172
60882959
65487057
16027994
134533240
68535006
4472026
62724015
69505555
2522953
50453331
68952835
423029602
501217322
17290524
61104216
115152200
23892211
135624180
3158984
71204339
108075570
140909231
12891299
372123871
138241465
794020
74712566
74497775
99214048
901125
130414756
84668853
584172
76704524
71525859
389282601
14490159
69552414
13708439
61263045
116994412
2498011
77897306
5869368
61376645
13836083
68070177
62028342
95059484
582282
88329633
123840378
144530022
134569621
113474064
953674
88806537
4967952
15636898
412782752
106025994
13100386
7812631
15404852
4585245
112889770
72067498
3129406
102339672
2283854
6966682
351553511
15430585
1161011
78276230
43340291
69812096
615069
6599841
69552373
4773183
6322631
2954681
2270687
7198180
122932174
5079647
90781157
69959333
62710656
2171464
60973279
138713085
86453207
7043924
107675526
3023140
80198286
6322621
1137801
2200204
2967725
12164497
680153
94978606
144877090
141826655
1104527
83361154
90630493
1110887
78304259
73982869
72313415
4184660
352141491
137261720
76376894
68094208
540002742
5614776
78106686
71071783
89874967
88207323
87768657
1030219
130418386
142337317
130250890
84310513
19271731
13291253
1738937
100651370
689479
64744053
527830361
3776152
144057596
17774104
137233986
419139152
76057652
79476056
416422092
956078
75526537
386463411
101839725
132364440
86096869
85734130
76529336
470606982
139873031
61723214
348900461
99466770
38987411
61037320
143040660
3135026
74432006
286428
14405186
63090284
581386
80142630
13840414
106257266
412545652
661228
99862806
204074
7165134
425678092
65788679
108135716
63534230
144547528
1738918
133261850
430530682
134044288
17608100
12492638
62033180
115195420
12000509
16944546
2310801
3428967
75502842
368993461
99625792
123356084
6329663
15078235
11747916
109145540
65395546
61081199
94755868
65396709
65461732
68376490
549557822
106926474
78733533
10271558
57852141
4255591
103119224
572902532
471861812
14898656
680109
4762648
13140064
126935441
3614124
89381103
72717423
7706004
4952885
5400245
6440130
134810952
69000802
483247022
62724016
58530911
75779409
69891896
381330891
17330209
615657
17479531
4194903
532296112
89154383
7188915
2522622
104286102
390159101
73518014
100478492
13275693
14775494
93037296
106313456
587559
3957958
578938
13836082
61723072
61223372
71498297
62664206
109170262
3105426
13076999
2897689
81231248
134951436
136806222
476739462
770057
3134155
69879249
14044512
77235390
17479233
130414950
1037078
16015033
935730
263330
1574316
99625806
55012841
16546767
553056572
66401915
70562297
372608461
67556948
141934737
6747764
117168460
69138762
74456553
465522642
60763900
14211504
2187346
73399999
7653922
3129974
16586845
63014377
452640842
972355
1172395
3135565
113988624
80698408
7711477
106095096
3164460
71378599
3922340
62960703
4619575
61723520
14835140
413490812
89844291
129009620
12900850
3098519
871485
112182464
32111611
3748159
24778521
263303
61915576
540758812
373809971
75072793
989554
65768147
3776147
424258572
614652
25929891
13114247
412184692
364044921
3747691
426780562
2310087
71683706
78527813
435905032
69341155
386363591
74815405
43340241
15565659
81610094
69743415
16207905
418142182
17690837
75834075
13191327
11133263
109577196
80648920
377979751
92065240
13103121
72314624
100931922
94330420
140851901
60440391
7868793
449205722
83893751
77387146
3892462
17978516
74961878
403391492
14396159
60388641
72308118
61527415
3102924
133134750
720737
434589552
130967452
7164853
2954673
68469890
7677788
99938474
3923661
3152579
74816420
124935568
7703889
680114
132204460
62284029
955759
4762658
724058
375450711
68634983
2994490
105355286
995525
71429660
477966682
376198971
716446
78726427
72185035
80786996
5179706
7269945
601019
90619527
552413
14245705
125651234
65310736
66283077
495102282
68070190
2738934
61016508
77235398
98674398
3429210
70812769
79247441
351647581
7374481
133554220
92827520
91414254
118042952
17608005
357237401
72837278
6599819
79589184
140850565
3834130
676847
75670531
121592908
17797586
1141677
8169639
95782290
575895892
76579965
13291256
1584476
17786524
121705648
375141931
346434671
484925252
4229226
75739834
568846222
131456010
881559
1171163
4207699
135372064
106461564
77943501
105497582
3462861
4007528
355711861
77855405
124220548
62695661
101602968
81763038
628099
88721895
4619466
83113098
4125087
118604308
2545077
66994198
4209674
67708603
4197797
365070
38290641
60774734
13726474
65583033
6461434
78917919
408989902
71712224
7674975
13143973
2124367
142262463
8079553
13024224
63034985
78479203
75680067
397344472
13291265
16418222
532096
70279897
7461581
5275521
16186932
71131667
2264729
4162688
90530219
1075118
12562258
73517658
90630617
9434376
354423271
3103847
3155489
13228852
3506754
95965292
62166933
511069272
7292417
84669149
126911387
3616131
86612657
676954
65452714
5900832
102063236
3582295
448022652
87323457
123345682
1119256
77961604
3123453
397154812
96824112
74173002
119875506
38290631
75446343
110244888
8011856
854553
5404545
17011952
97691088
61396971
62566556
116961878
2331130
67165702
29735541
1564348
78710120
10287259
90182731
145476744
114062240
5718902
42535191
5900826
385524531
138600439
12343254
80884850
63547001
366444391
4255361
90630497
371184921
62351331
34180161
4472015
13275760
90780413
70078959
82716868
555639
16386273
128093325
8016407
96887046
4159223
13131689
16341244
82133568
138738413
112889810
3151427
99360002
131343028
105332258
552394
72327972
142802820
385600751
92092070
66634501
65395557
79319971
130863498
72332248
72779105
473784012
3103846
10494830
515017482
62847160
71131668
38290601
2193292
441795882
105011244
96438334
75819362
27497481
113430076
81230432
372123851
355165491
12210089
3141505
10686157
118188256
14245678
68881836
7063920
34180931
140225667
96094702
15613839
118587622
910856
411861052
136341758
62937869
353050621
86672775
91903530
67488099
113297434
121593970
25574831
77401626
122518670
126113975
34193031
67236512
3730636
88936739
2520269
92089126
110955786
13100388
61723295
2417394
5404427
63441317
135662974
137789187
3720215
139872697
83127258
10472554
104226826
115145966
61637450
908984
2121805
125866317
1582043
139480007
127248319
119191542
908959
69625472
7779483
1165185
2541028
2277345
61167140
488399192
63480990
17599155
3129687
79965998
136534982
3333681
137818921
3138703
15408614
6718532
100063598
109622670
500235912
430719982
78184140
83059300
112834312
38427451
14525573
535666
79022555
144544762
2234278
632504
79797252
100551922
108555464
93497488
96683060
4244854
92089102
14299589
3851861
119873054
91046875
10101602
62166931
120680494
1027891
13129324
71328638
4276179
74077973
1724721
7868831
142704126
7555615
482739112
493108632
98248584
70697256
103167048
3141097
559125
10686934
2166350
520896412
106072906
16501727
6745603
7610353
13183903
65725036
82847534
68243306
3362870
2124626
106695904
101839697
606883712
429978042
3256027
65768146
373045651
75805249
27533911
95964420
472898512
2370894
12566349
70274001
133103942
9956160
13659225
63201761
8164627
68075341
67420604
1143631
4633171
956511
1574150
61295954
451666062
4310907
3083233
4274592
84840917
80617722
26884471
7474274
929891
2993884
380551721
7823691
6101291
467664112
112012250
141433493
393496822
78287694
1156203
6907162
690032
63327526
7853822
6416097
381700611
62847144
352125861
13535101
145000990
80984312
450922512
65452731
87850141
5250943
108051968
76438205
7510375
107738086
103365082
144393668
71105434
72543805
1137796
129740536
82181956
3432595
563873032
74672939
1165301
61915597
76958795
8141687
88991877
66867258
42853121
563921
407945842
8592797
135452154
130700214
105011264
3137518
572115812
90318205
535660
61891432
417538052
3107368
99716922
69906847
89179583
62664231
809313
7927244
73746705
84868635
3432724
61637483
472124512
397344612
61308211
94555846
95978792
69470466
354173641
100251778
79537944
77846568
108941812
457305372
87515941
16189537
438850292
64784695
432245062
59127261
71999722
72313416
3002374
958982
128416291
122213282
11747926
61427204
7779531
527989391
1143521
3658608
23887781
83922051
13394787
102856492
17543401
878504
368819431
34597901
15589896
6705634
4588198
419212482
2541016
450730492
2304481
2591164
123395756
5651012
6908333
563932
10287343
100869166
566202
90631697
82247798
362336881
118031278
1369729
68627980
358920091
92044860
74187966
3129809
75243652
69328034
15586310
70386504
60741779
2548870
60831470
831272
106770348
420012652
508635022
76256109
607602452
379742071
74816417
69548758
4519469
68772801
101648719
1142440
4225672
69470893
77234428
3731272
565038
33909581
12452085
75074531
144946374
117879236
469681842
4659972
97009634
62738412
522178342
145426922
108421538
106221998
371800731
90630585
95961506
409403892
16014608
115730576
72273747
135429852
67692415
135875530
86405175
7725556
79968292
13727738
359615181
743689
13275698
4108058
68849301
60726418
131332466
16019418
14769206
112661710
64232606
6580212
7706008
14292233
573953
581751632
396209872
497479262
61287079
5646423
111980176
13446240
638295
115705656
980106
65707239
13275699
18823411
20517171
441301032
116897604
17561482
129352096
95940170
101203530
104936032
70266759
79959540
555759
61720759
1114741
15044236
63428451
68171411
346043071
2954705
80566198
144545868
680554
112661998
128631903
13666586
788365
356041461
6012336
77901654
410092352
76376863
408627032
12778219
104095468
98909336
51511431
16407926
4292272
84908539
1109737
29806161
13158162
3578281
77541205
632447
935425
93442428
123899850
70386434
13807768
75939612
363930261
65145870
73456973
65395553
80354238
73744834
1131133
1155001
17446192
51125091
438887342
97325322
121657892
6621938
59509421
101082100
6416098
77181855
139806157
3002367
9812702
73917566
1042277
1048727
70247102
11918597
15455606
12226372
61638703
6600965
84307301
55012931
106041934
15642315
530561
7555558
381080561
132635818
1277779
134012980
81404750
140800097
595074062
137741285
68945630
3138878
104049926
121657890
435915522
15430613
986029
3873979
63525633
120737372
75340577
347557071
611491
911682
54519731
954788
422492782
3389258
6658617
96341568
501718132
3116046
387670601
4217746
443060772
62847150
3317672
680601
2276362
91618462
965215
144210952
16341245
65232771
375779401
11567137
68849338
34818191
71963689
12226391
73064270
144203048
79967474
2288314
4162687
15696864
4299863
71323355
11271984
381431781
86671157
63155641
71187705
64471364
64627716
2736142
543118752
13695893
135067148
455426022
66644179
9808404
516343262
76030313
831313
418346722
2518935
108217752
18472071
12319405
104597936
127245183
664142
354300501
8174878
388198391
518481452
133099032
129436258
66868400
132154786
351594951
919217
2500807
4007598
112929596
983248
5454982
455743202
135373108
114391466
95381282
12612231
111779242
211331
368392801
33898291
86036119
75833533
90415413
76411968
410114692
61469458
815442
2795613
136333214
557093
68515050
76412418
371903741
483885662
263331
7826604
4258989
134034828
116816828
90326857
397544852
131344448
138112625
566950012
3129599
118995012
1560033
123494360
740677
2533076
1172398
831082
10178910
16433509
105882220
582258
605486
65395523
6745589
2298587
7146281
286579
12573026
554384892
542927442
447958572
137814239
1582570
120811676
376997691
82060722
566497
1125141
16978142
17546441
92089018
5979887
4619463
105717726
37734441
65395534
97786914
14464415
11833213
70640487
61172241
29794801
50565921
81300218
124237488
74778610
69548763
87646609
3109329
60703394
5169820
3122978
1142341
449308452
130009100
131045896
114811528
2522928
420355352
125089724
67539452
3147133
420782152
12158304
73188243
10284909
1572694
831216
88712813
37756571
740354
2954671
536715872
2702379
64607963
6407193
86834931
46225001
63456074
111846806
13132580
7677803
7298082
95225420
88825391
884040
427288372
72059802
44231011
137678727
2194977
62351301
8086130
141382005
58163051
66404487
16339581
143780748
423482062
120096880
133186102
104544894
447942232
52880071
60831497
140476929
66512638
7155408
3090467
134033922
2553270
6472495
140353399
2149880
65004027
75980558
412860022
348123611
52880061
397479042
10313218
73989835
88172287
101153492
377979731
61142290
126718535
9914593
483916652
3113136
4878511
829895
371939181
1165303
60901413
7300948
16090939
126371341
62166935
6672772
65152214
67911717
128119137
1076432
7395403
407499012
5621392
143784346
72567468
3151620
113876564
95930606
81656634
67954036
74098868
370989551
3157513
77856781
93806528
2157406
365171421
77995055
1100016
3130429
79041530
72273842
382393121
75460531
5127059
425662512
99097252
140761589
414745962
141201057
93419010
89067611
3354129
139644517
11974567
78303613
99408328
61685556
98796060
450114522
80336486
12441183
25880171
621998182
122832852
17608366
13275696
68515137
5869379
136022326
96461658
65404130
3124826
70466282
104538720
102424692
414838142
62766452
121720218
908991
113152264
97157490
54790581
66730255
457561822
104086088
73082046
5093547
17330689
90630505
109993884
4286585
84574199
10201930
7145717
90099463
117303522
81098464
15430586
106072882
136197056
75677471
67563951
72714553
3843591
69779538
3135027
355740191
53061911
2501198
7706036
473317592
95282240
4072627
131781454
144535828
105970322
109577198
11272703
623838
101316252
61239653
127461911
4123275
4659971
66554891
110956232
75243623
438238872
361256651
80625708
78791032
85486600
16331689
15567515
65192581
119873744
