451083152
17442638
17937549
17605039
114430922
2480952
451136452
143533258
346434661
134043546
124668726
78606591
140634503
125373902
126534891
459495682
141939587
116348126
72544953
814706
3156389
66937865
456965142
505015172
75800620
95697828
87801649
89096907
78275975
66210085
140069347
918028
815089
2125095
3114368
403944262
69569226
1195567
77426047
107878890
17605333
624856
511840342
2296791
3148676
133105770
568569382
84068919
539340682
100956160
78240216
132712260
74657985
9789955
416766382
65723655
451261242
1891644
1014616
87907651
3129752
17221605
3135444
61379579
122721968
68101722
2525505
92734598
75072704
876494
431467522
140907571
348788451
137099514
539132
435491542
72371362
81071788
84992259
100829080
70562473
73262790
352129661
61999248
445027932
581751552
5278063
503122792
3466555
53999701
16433496
71853102
435857652
61697704
75801802
76420088
500400722
3182576
35529721
66284306
428368652
17735245
3526846
75541072
2114278
68046793
97096578
89649857
99417868
94503012
429975032
112669628
509066122
116914026
95254416
12754187
3151605
61103099
106135670
5193804
556809
357859891
69290313
103301804
145414084
90260031
14499482
937704
15527575
3155469
72132365
583177802
131743408
5093776
121593966
432810682
547237662
145501454
70741520
126542783
440142392
126902913
14340436
377373421
3131632
3360632
381206061
65007860
451345822
75623928
382971731
128928692
629320
79665690
439070702
69541235
126022859
10006386
142252799
2455795
378787851
22716341
125288670
87933505
446699712
142528531
13434810
785192
453638202
550288
136806228
15489584
367389851
582244
3320893
349578111
61396624
95148394
12754196
595051
583363262
130118555
565477
414838232
20720741
75623701
570313752
127245053
450906362
68016645
374205531
3657964
2302619
443338822
65732146
4125121
1182579
381204571
12906046
10291305
102771836
28981721
5094555
462130862
13236667
125418544
119437868
2498905
430490602
463655932
62252107
408047492
2420459
434591612
3360615
75161422
415469502
487063002
139563491
82108252
100557928
910909
7812669
113367426
125544846
137833937
375801931
94808376
2251144
401840262
128706951
518885662
14617712
14539390
3128017
596462
102086970
85893401
134954986
439160402
70142183
594165562
90601199
428974582
13253525
86044535
661074
907248
95375680
125968049
62695953
331527911
123286592
14340442
12021080
9902400
504533192
428537532
13167078
6920602
104573494
491447042
5639047
449957102
110959122
425973732
421491932
94365614
369299461
94535886
411598182
139263599
75147409
13167146
349850501
13789077
604455852
2104185
91689076
384157671
137818553
10199903
457717572
139363011
3155093
368714061
3051805
106748070
124195952
69750403
454314282
413281452
79545748
420767272
423573232
412860042
3126128
67564179
15593994
881553
2559111
13543546
91282350
102659136
511943922
370425991
706847
6278220
66744159
63456719
118155850
132247474
367829901
105710942
145429542
533296002
548359
452152742
519983572
3167611
397248062
511181492
103153480
410118612
432392422
6523533
120295644
130153179
78763161
411446612
13167071
89971449
420862472
362390731
437365842
680379
14615234
370180551
511723642
358681181
4637224
81292444
631701382
139705147
9867193
1195560
14629000
73025617
456726042
4091715
124600548
94381356
3130151
390213161
16231091
130413570
393833822
88590665
65174012
882296
119936614
3147909
542389512
123846360
136406500
70335484
361301021
422283382
347015891
378382891
354195901
11977896
83231662
112662378
549247802
423636762
126564477
540642922
61860869
33367021
106713870
550169652
82410918
13705377
604054272
366148421
2525863
130140969
96770510
5017187
364287751
118995928
539254492
65191194
496061542
69443936
542389572
104768246
109639606
7472040
88806593
388957951
118566844
4586926
126851119
88241181
583177742
448122042
71711088
145029188
129792838
64321040
457302112
17892723
5620918
377153411
82751324
5102647
53123361
2794369
95292468
140238365
138292963
70266514
2315240
145429546
3977313
134690294
526033292
370543841
79524056
1175225
3829283
355246561
131391756
13140840
438359182
389951791
73221534
346687011
2933088
515854822
3599719
95447424
17607145
70584823
61999249
93477528
356624821
65657488
353210221
17607623
3105360
7322979
127298489
14211317
427101442
13129747
3369080
78602729
377261671
3155751
98345414
92601012
111031452
391346182
541223962
529982731
3613560
134036278
93611996
76781939
880936
71927594
2114515
580452
10199904
76542233
103082244
3590422
817020
906384
453649352
7267623
142393465
449442342
94771356
78256651
372668291
32139911
356161841
119874164
17639046
143806818
109843304
446006752
73956350
85504218
129934324
968931
549888992
123886250
674813
4288254
12316831
6614902
7597630
924499
3105354
75609915
133021820
386767021
5105083
134384412
100156354
376206991
970426
502733312
135286058
4290174
1181958
451136842
117302448
13330877
104325618
86805977
1044135
380957391
352863581
63178562
406116762
17416803
17681690
123594962
380675161
606997572
353976551
463308802
95730854
65191193
555960382
5840882
1576194
2681011
7267630
64628205
116348602
3826694
371988471
62082511
5617095
366456301
354703401
134453474
403459412
487921702
475046602
390376921
1008314
13795790
3863209
468663252
4321343
14952046
134709680
66726090
85912355
123258368
143676952
123146824
427638172
17416535
370829991
144453738
1055677
401472872
76273039
3166614
449199522
13140204
10238617
887531
461288012
41326641
17599116
105706346
393665442
573668
106061600
447157912
917233
3131385
384157571
131352672
3098956
97342148
85381892
100515110
68046772
121193412
69051060
88806523
72398867
78016630
134527344
120342728
601135462
8937833
73913951
13236650
70199385
830342
3144765
661586
442788012
3055975
560336152
585354332
3089507
2228241
123343252
69565059
491447052
3592356
18063019
143900702
16433495
450173682
10954452
13149611
3028628
13189305
126772753
101281544
422416072
13140672
536408
3971693
466723822
581751562
92871274
130413572
14539785
67079381
676854
3129789
88252787
134564625
68648491
13175864
2316037
511062592
410030472
662358
3016837
66034860
2114402
401076842
595444
74173011
464215132
64699116
4602452
17633125
427300152
4540396
67880541
70580287
13787885
22595111
97148322
99179676
99585952
439292592
377416011
440267462
75803461
145101260
79869130
493566992
145512418
3089235
3907794
886625
73913586
78768121
133367032
16099867
450980962
68414697
138740357
68043937
59506571
10500243
383166311
89721547
589312552
13141306
141850669
26608061
141338477
4116959
349994021
80556628
60868717
103417888
455611272
116236884
917105
407615992
476026002
14611737
568133702
111989652
39398471
447344592
71092110
511527422
80077250
110798588
3113208
63140673
125089694
71129379
704354
80092804
365851551
587748202
427556352
13166202
79909878
70267013
585747452
67320702
78504185
351485531
538557
63094582
63022910
115030054
104782262
846695
846775
354918081
569200582
1158237
133513680
347705521
74756449
380543871
95422360
621057
130219930
76027023
71090277
15078241
2221573
356184601
3658038
459513832
428974592
549555292
80259094
9909711
549338042
17811021
79875046
17347979
3129753
124700692
66301054
74252539
134950438
133580458
2241885
137818651
106554714
81234150
118271120
124990740
144385556
2799201
383749461
67750422
3152219
17614537
357737831
104576292
112663002
440407932
366451791
133070578
42882981
461372122
102659134
2277967
2177874
13435638
1174609
3833667
576179062
17168782
71078420
115708094
127768531
68075515
90428579
73491596
66632877
126272545
90944581
356902701
66550450
7402656
71183278
89640567
125922555
59651201
2681010
4132635
115705714
7278500
80902788
100364120
132026604
81516718
2315711
92141402
3040367
384138281
412814502
888120
62263275
107267184
114422238
377374711
145520602
63135955
5612141
445856312
2248426
105389604
3899220
93333734
496814862
73301178
118068512
475655582
6918270
13477068
455230792
522261672
14955980
79533924
126938661
429491872
556225962
535449952
15377662
68604073
13160910
3147912
45151651
115707300
98028104
142701952
914636
511508682
408505752
53043901
397603212
533802072
2712813
85367274
349107431
142248835
14600400
486800162
5910121
1053446
415374342
66469373
353001641
130829938
10967552
360813371
405528882
129008350
71522392
97003732
370554741
90624085
111840516
573107172
426563572
17881073
68515241
10107275
365331381
132123608
452287782
141367679
132994898
135448620
627436222
83770248
488038532
998378
6435672
70403436
934434
87801651
518461272
61064535
491446902
16705331
627658
2114357
3155472
351419151
1117190
594468052
368527591
10303627
113764688
366161171
1100185
85952163
99291016
29377601
113947126
36529721
3588705
140805841
120923634
69706278
7314604
83925323
17610820
484370192
4732805
119730128
68301180
17881354
135875740
62720573
398341802
84100217
141827629
144391372
416145032
103071278
400488422
13842008
65657484
21598741
109704468
98456262
132713070
16033095
82205244
347301261
370793671
111599552
451448092
144949356
6666005
400239962
980198
585699612
400305922
378214361
368721971
129128022
17779288
493843532
548549982
417195052
14887269
94727042
552381152
69821326
95661868
65007870
116914042
104357594
375500401
134899754
46646771
67578119
381743671
396451232
16149116
3159267
124600716
126368117
102429064
397571972
376015631
23712691
369246011
536950062
124092592
7278504
370961081
17461726
4254800
138545743
66201352
427246302
920895
88291881
451946372
440119532
456955642
418010312
546822002
6891218
131776182
130513606
529681931
539213262
140340457
66435048
314683
128374185
66726089
61142321
71218242
80722286
65482414
128825931
97081910
505533982
511840282
136340740
371061391
126924757
546875672
916516
370365171
132387124
92818806
68960931
3437878
13173832
138046283
378101031
457305402
1679130
68264894
87186229
121518396
428308982
72157022
83938573
785435
11562117
58391791
351168231
2658573
70389704
94857262
65212070
414894102
15671480
2200205
347278261
83946097
17607152
846795
415273982
370831971
17691745
94664188
412058932
378878141
2889774
579894452
548422042
420228932
362279351
7442369
534803202
74062476
911471
65551209
70078209
141130353
439349552
65245764
11494983
85436742
67238978
67416828
449186572
66027714
454793752
62288841
85897379
87651177
94568654
3155400
61840065
16136617
102170636
142833750
7420775
86036057
84371039
431649352
1190226
102853306
66839183
84947759
947190
114438542
82492118
45413441
5723496
126939057
13543735
613912
562002
97537540
65220464
105037688
121930086
114778860
97806414
13130900
121416568
88016449
459956102
9852839
424950182
90727603
370668971
67754229
3097520
456702062
129568044
17347961
462848942
135998854
925831
79525632
574741
442235662
3092826
2193499
679181
96411122
910030
116979798
355649431
61109994
88299349
102037413
70079958
531673351
134592799
70697357
174136321
784426
79162101
130002898
46042341
873296
4311055
116886898
18091655
120738046
75470169
527267591
1115742
740285
75880649
395046822
105710120
71432814
115834558
13204931
125544650
5487472
104337124
117935730
349612081
117729528
13791933
104011554
419136702
106636048
406116802
566244732
135402864
65120288
144949350
13357318
105286726
413414052
3665347
140119845
912039
7658603
604283342
105830824
106055988
418642022
134279628
504157552
4134369
69018608
2162265
4624030
108635158
362297921
83141822
2275933
374198551
412537002
99208044
139923867
100156318
94664194
98000168
924370
4830494
124603282
535449892
360847141
568362092
145431998
88252789
469117872
539147182
916419
133581612
9793363
3155883
907768
70856951
62220863
471847942
347015921
346706681
443942802
144155868
129633266
65101371
439349732
77897440
904785
72545945
360302021
552825852
62935242
2420477
80655850
11616580
131875288
434730482
468663242
2961027
597230672
131741446
106992978
567091852
15586251
64402524
63480991
398492112
134518620
600631
139167979
392261042
3123854
97446850
387527731
596030
3114786
2193451
86662741
63884541
1043339
34604251
628423
17606600
435828182
85951211
518690202
95543016
3129989
494295982
446684822
99348028
103142472
66274179
125536818
421035932
61110499
775104
531618001
133020858
125914631
2319631
3825408
420308592
3159043
62082834
558728422
3825404
1086629
3017006
109517896
390213181
464956542
139102119
349922271
4242926
520062252
73025612
14499477
15464144
60758950
117690576
1139793
10916733
371616591
2680215
107343820
388696251
4086848
13782373
17681686
421533812
455540982
60527651
3599383
7675296
131182452
5400328
13620927
120240072
265101
811886
350720571
70411774
417602452
15616226
13912852
62049340
358744321
79894224
380373511
143529950
91599982
443082602
62022584
3899382
71825444
466723842
541387
15210161
420845462
3020071
442568242
111780414
529982631
8337336
129934360
69443939
74824327
61149042
119436428
107538358
73738187
107265064
19825711
133117440
127673043
521006522
3134028
3580252
5191896
357663871
119873536
970659
16027729
74214033
383962061
140869463
558512082
67934955
285932
455225292
136889414
529577521
18085807
2158091
5404546
95085354
119812882
347616101
414881562
477452292
142203913
135872926
391518482
452783522
10237971
76188373
3112345
422202512
384419481
82257932
397302192
66025400
79363295
98190736
89106409
21548361
130856592
98701792
19881401
3088341
4735504
105707788
91599906
422942412
117452758
3151487
90563087
543179792
72003384
756318
123336998
440073752
92831072
491418992
3144076
140861043
2680838
363713281
140119843
406674602
930051
141253261
551910242
72544967
130852756
4368119
398774112
694629
6221628
117248532
373746221
131956462
14095728
79572334
447098152
13490264
12308701
63094552
56893391
14876855
422130572
2229663
386402541
423035372
65572710
1147563
91855118
118587114
5317031
2281117
461288132
98701796
136371776
87321239
5277428
14748268
12292154
133549164
134227972
70274249
109861822
139305241
446684792
114395584
858211
62508662
139826931
429939082
916325
12109422
128948180
500791062
73043585
78527803
94503006
83941441
15390407
137833951
545674872
2715928
45528881
448779722
65163799
912476
3125932
485419572
134946696
571155
3824591
5223159
132350068
66853804
117374062
3042613
1138246
376563301
71415279
131867376
126215751
3152335
7068409
380637301
366449271
124117984
128706971
882244
585354262
551414162
18047586
22369171
103402102
1172327
73915410
368959171
101326458
68977830
444734462
96218152
137535235
7910700
137013076
82198062
427346122
132214850
388904391
17941647
431467392
11080218
2862097
139936913
1176435
446684842
7674869
823135
11238113
500069132
2464784
12292199
13147767
357727281
71303709
104166520
71220749
13149242
561855642
4158682
112656032
75680196
61396631
140984607
586163292
84100235
110956534
67259074
2428566
114438274
883616
1773443
2676942
65356219
509957752
408257842
3156476
74271401
120035396
1081185
74644222
1164242
64278784
104337090
145535390
84309785
533992
521077932
124120350
97036408
13796257
112596850
3825403
90563095
479856002
82173128
84682903
95245808
898433
400299232
139563485
660405
134111256
450930822
3167394
71129380
99156202
350400851
70512005
499988802
136801252
410106072
72030968
106399054
142999656
374666501
65440511
133103654
18089483
70418907
451745472
119205662
116815248
130413894
4602450
3614808
129890796
667736
14340437
82918002
365605501
127201621
141403705
3918202
1029388
443086102
90891053
17637982
369229921
108732598
102172420
64979172
358137521
7163209
91066107
93412666
497872432
88755331
137989421
57631781
15268204
20653321
13784648
130350022
4761516
3571616
4195721
139563499
7390333
20838511
382280591
2248419
93194636
67929155
5902141
357859921
76985020
4282301
136408142
101326454
3118727
13789104
122438398
420305402
563085362
391961142
129666370
110152060
139407541
61246276
1581835
23086321
3358574
5704469
428349712
130118531
112661754
89483419
438182292
74641074
446609902
412550652
131391766
403750212
16668496
135301060
576475712
7149041
73828911
6118233
2577954
128143131
572537132
74641072
15079434
7512059
351669311
70106524
106506526
14414646
79524900
379048611
73639283
138544261
1108061
1579472
85372124
26608041
143780708
6321959
76008446
475791992
3441578
111013262
662471
41034861
594588632
76440842
3530722
360302011
98043112
353533111
65657185
96449060
503894512
7239331
2171221
106135672
138218693
17632530
442693232
397934402
429644262
98102710
10260073
361113261
410107192
140254789
15489776
62953943
559481592
4282303
14268027
5381138
11219974
412265002
3102137
2211577
2239034
585647442
74247786
111665364
546875652
23086381
507480612
13255142
70800605
16918515
142528933
62548806
543120532
78989446
564030322
141767545
390544641
13204945
71711089
6258372
351669381
102421182
119411962
370644601
85951207
10274015
55959411
2277698
380147541
70465604
7673556
80715014
67814845
90824925
890307
474046422
74946259
103460630
4087050
386116051
17942279
706254
68985634
107926978
7868655
70575138
61644201
129442078
145590474
373915771
98324134
130856384
87132599
137833941
115034936
72411356
121591750
128000569
365642591
717896
676191
572537072
740289
414045652
82341198
371973201
536936
3113143
125953497
451315672
2534614
438891322
9902422
17610546
386622781
6816882
141939687
4232293
87370651
107637840
764704
445244582
114891456
113859398
594882932
371117781
432207632
117313514
393622032
17608207
526066462
97685938
398941002
2431286
88033515
142832638
416505322
138000533
13543818
431375542
4311606
82457298
551267792
70340414
12573304
137726999
4640028
127063153
82341204
543906582
375050191
3530216
70036198
462925702
1182471
62166913
89984337
74494863
127094189
15128338
76272587
505533972
1172722
3169163
1121641
487498142
533609322
500152452
4229965
4134344
141463711
3128093
634405112
5304359
436183422
378595131
104923720
3112217
127633823
71887204
559980532
17682938
748477
562134282
69816178
885838
144572230
17779256
3530218
14522679
412681672
142832658
88447501
417673202
12570985
418259022
380147321
7429711
2124129
4736207
7675133
79665028
14112293
124659374
742397
131351882
14618535
68586753
3787862
556325072
7410392
90221453
79587666
79125311
120928674
71967078
857997
17615563
13785145
14193954
446027092
62953946
141388969
396189782
621314432
7358665
13978294
111777920
414838152
136336122
96394640
357415291
556377192
79933210
61002685
81737442
2795612
374728381
859600
362454911
392771832
970640
2796773
78749541
429512752
116348212
424641942
366073791
461988682
420893302
534404782
425597332
144230616
3524917
72313221
2920974
626245
73130339
79175021
141939671
134711916
71067950
412165932
140813729
3835416
413815182
2172161
105555564
393601642
15586238
128706947
97535558
7163177
62471661
13714130
4104404
420862052
712221
14954261
354841821
82193316
122437598
78967506
452696802
84564989
913969
110914096
532218142
424447202
424901802
602899912
96461322
383744701
17612013
131248504
131265270
416583202
1436356
607391612
571875
605313
69506316
454446552
14272547
78282330
68116150
584661
5620937
599964902
138097203
143229162
981997
4252543
74594928
67343875
62738610
131331938
1086631
359130871
356119841
886455
773393
68414420
132628894
497290552
2422942
417767032
90838709
95343732
911496
3243637
113711882
131365550
139043825
77771160
542671562
71157100
76214374
435698582
63322660
452203652
4193478
7674956
344972071
140869471
143783678
3155397
3117937
467817012
8422115
479892362
139563489
137818617
15218967
68301176
137202280
2457092
10206190
105767668
470555982
540485
92789284
110347226
16327034
504231652
441692582
86503679
95254400
3070677
15190476
498917342
117581964
451646632
1125081
715551
3788007
117135348
3613838
448959982
98094986
389140031
69257847
77770639
87544873
102522090
81330978
447098072
78783948
468232742
535450002
79984948
7274444
550191672
514512752
17605997
118326058
79508178
123852690
423222602
61782173
88100845
92389860
134523622
138788623
13842015
16904992
107928834
798899
2379855
411447492
1064825
132446420
107425674
3146714
97342156
136883276
10023458
127749295
120434046
1154999
116705218
398509522
337973271
100239710
584215272
112736698
5093781
17613497
62417695
65281966
7613150
350190981
420845522
13130994
80653548
75624307
94142472
142747764
6637660
64448999
117224292
1141671
574526302
6100063
439324552
107396804
128947764
2686139
395584762
70322134
486393972
65723682
454295862
64448964
102482910
460295392
15617940
427222122
7675215
440873932
77022784
10891300
17605238
17473600
98320718
140340455
130413580
78458151
917159
135998846
532572
16907191
73916142
138540021
105634958
93781202
86671159
547648962
540508722
3364356
80164464
38934711
89330183
461288162
6635899
2172214
53995991
368819441
70248406
13001858
3364354
511840262
138545999
450926112
434215062
2176914
457561842
382293101
136371188
129507030
402107892
596646952
750479
79587420
3390670
84262985
121923310
358693581
105765222
76110616
438893622
97402722
104234528
69959815
96049540
2453811
374724371
2483915
367959371
308582
71253927
2630351
1436140
128706955
116348272
2552135
130010216
989421
528281901
2440600
114990962
62375115
109845992
102807722
92141230
141680519
60742286
134192496
344906741
5404604
611337312
76737281
1162408
423589402
62797404
75538489
46161801
15407627
13020463
2530864
12901264
5785887
3147737
3827093
17605344
145029632
129926480
92141134
356518631
3743980
3538029
6891221
447208902
13392838
29381041
18227775
142337671
390619461
414353132
97096574
360935121
486494612
1158202
15417675
449056642
2681008
14499480
537726532
3099917
751029
350151911
66604546
405112012
16717069
142592902
473096222
424150682
134945410
6920218
351595741
4247272
1574364
111774658
22961611
18111928
465602902
15597472
64758951
6720549
90593877
13787883
107453594
121195438
97051604
8146933
437538892
507966222
456413062
406272592
61346239
106852424
632872
11940091
89076331
118336120
9858261
66722891
69739112
67929157
129104788
415238522
3116994
63432532
124185008
121194830
115403572
2242732
3360620
75538615
394360322
2506534
87172315
2320549
60868676
4835932
13978288
143758272
534674
3296474
136076172
2684356
67984822
358219491
107205438
585667562
85912319
379129101
399355862
409642282
83941437
884543
134329422
733611
132194660
13991841
141433449
12109420
84840933
145166292
2820788
499632732
7673566
459628742
86036257
2920971
61187738
468510702
493900572
22716331
75766210
444800542
101663755
3126277
56894561
142405449
536421052
81617646
111895302
392431972
362725301
13304257
535487132
397302082
553083722
144946596
111781074
63947950
383683661
404977212
1157856
3088608
14834539
419333312
121239430
141388967
85909191
736150
5404547
533966442
81072052
61286866
17614531
2172896
1109953
72920492
82446116
71828734
121595546
4763677
62743415
3416943
107878876
3126125
13472681
450535342
12351807
115073206
429974972
3129461
447098122
2487329
454090732
92141106
398509542
125190262
131391768
137727915
70780721
85367256
49532111
545603042
5708735
92722970
13975839
105364504
77740964
407047262
119701002
451031822
12002393
145434692
2267422
435492432
105765220
560721
467419752
127322375
71483060
3133043
562774702
103745998
144944616
1086630
98320706
67795283
452884422
3360829
107740244
426021482
129703894
2468570
2370001
784380
131357464
17684791
68350352
133018454
106123620
113990408
66266877
77831628
405475402
141206889
136579166
529219821
100722380
72525291
13789084
110806014
1151566
78628655
72132352
78233074
423636802
386146351
428347832
2184195
6637669
439222652
441418942
119872980
133505488
123409072
104543752
15252346
360727171
596972
1156898
395398042
13688091
1583148
3100442
93442734
45544511
76018938
138445385
66140620
16541038
60833052
120139734
74791108
401788962
130851528
8104603
354054791
97459432
93992790
16948183
546875612
358187321
489527872
911427
77770641
367389871
145498434
351595681
529170951
124239022
13157885
387595701
134336160
578341
2674629
95466584
585148972
17914660
115201660
423097632
66918741
136340726
86420477
98027786
120225486
58825781
84656757
131351894
144572642
76295475
145429562
448408592
105959412
71133547
351669411
127245881
402932922
61379571
78010863
398018572
858907
425603602
1107585
348916421
67162507
137206346
60922884
115746250
3968120
73913666
580441
121976870
906658
10497925
414219182
496702382
5400634
3662139
2251477
457605972
420233252
385581961
357237361
141822929
144145816
408691102
138317131
5105213
134448848
76505296
58069921
144444690
365342
379800301
82198420
564088712
449072022
358751931
371674581
1015296
87369811
131200678
347604811
122722044
2102910
8060622
69565035
2114267
439234242
4116953
17444529
3134566
65396343
489126852
84757649
138127045
61697708
129451402
4771154
4095153
92722920
541324
3496678
3114914
390213191
440035092
137727933
119539144
344941281
392164982
5060034
111780400
77698269
13094647
112880856
63431973
124603262
15391051
420849392
99548184
5786401
88321879
886450
425280722
4087047
106674714
378101081
472992722
401840222
12303245
119560606
113418526
58782311
3923925
131737554
2114390
15066493
3152728
111496808
2693369
365578381
456076022
626451
86044525
7119842
357459591
83036394
2577944
127614457
139102925
413807852
61929989
2953227
467133042
5278004
18224803
2847106
142612004
132337670
131814014
445236272
105555562
1575472
101764839
3117931
369693731
14685711
130871170
1137905
6822851
411446632
787220
110104328
752254
69000458
71844512
540889092
425508522
138546817
825817
140665351
424462552
123075540
63103299
141341973
354267341
6461693
78318614
110114518
583177702
663984
77749340
120821958
87804231
81363986
70785411
537739642
105180294
450622552
103995162
602900012
109701552
88552761
80273734
7238793
413519082
535339
54580291
423083912
69261828
17416807
65799943
95245802
130037700
84572633
137016994
345953381
383792581
128573721
104791428
91018361
606122062
16541039
4168945
415401802
560951832
71159652
424002552
17193491
8133400
505956762
16705332
13787887
10458950
90655585
109704452
911225
17197898
543704422
142743342
2651704
1138321
134314394
138218685
131341030
121560384
4116950
347479341
35946831
4676600
140089957
92053082
344764251
66201359
386166671
3121568
392771882
784816
98246090
74173048
410349062
414365482
6682860
436842742
13140800
17938347
107813334
7667067
16003078
77456995
619538
962223
65626300
112662278
370862991
107507596
13472569
2300967
70036200
452794562
17686646
112658768
3589948
121630400
92330842
578676
118340614
75885424
435584412
1574220
64671717
103052884
354291211
491340442
577509
75981454
661077
71953463
417342602
74928899
561855992
65690449
62759808
115482732
384891711
143848116
134738430
141175853
1056825
378072241
10175557
124603266
431352102
378796081
51444911
87936873
111780324
74062478
77879670
70403439
69377477
355813561
119437368
12452461
72038326
2812992
508821572
477392142
3040782
140747091
11859802
84267427
120738732
107471938
6715728
143887280
366161151
7245974
528019951
136889424
107740668
357105451
129323008
83875465
74791105
75388061
142986198
94088726
88262095
126902927
3112886
109705154
371593181
457278122
7789887
987553
443124762
389277021
71966549
112350076
140761579
2114514
80714980
371530881
979654
123861854
2636312
768499
375089101
97231066
145520608
485709682
73064039
416504402
7045661
423926702
60742347
415274042
102362574
14142524
15618041
4288424
68977834
423836172
135010096
402828132
66544610
58837931
407508042
421491942
378515451
125544850
90303473
68760504
3960793
3099534
80469034
144598636
512802802
92298790
9923213
430448502
2168030
796598
3766766
397571902
481339432
377731891
1087308
133103636
141338269
477392122
2510870
412102432
82063762
90384339
389814591
69316617
403335682
3029616
127248321
78977848
1489315
1489308
89640211
137204294
13651706
368438241
128733561
3093991
71828727
1213291
1105744
66661260
142503565
1099154
100863610
84223607
4091850
397571952
3140385
76408093
426020732
27239731
69002100
6789625
135373828
53043871
450927072
14477463
140787071
882140
1171882
125915987
472694822
70816229
10260151
17615565
123663516
30773001
145434006
413283192
5478216
1113369
428405232
120441802
357700081
70583749
913985
61775399
114313204
393324272
78986025
98936098
17615566
431694162
107744180
356902801
473983942
5416404
541140412
29199291
394656232
371419661
70016985
397571872
103287690
3177037
95109078
118294558
93289586
93011276
4315799
78367494
526427252
450956872
291907
122384598
528767731
2711793
79875072
64731913
371625781
68366955
135438506
3155089
402322032
4193816
119437856
120038918
1115017
3008966
394886492
1182302
126369227
98028106
117388036
118744516
4621951
63164587
394510092
129026174
6066638
120359034
97235908
131357978
117211434
671591
67103643
135231940
137231524
355086261
390135691
118183742
2847577
14884086
105793358
131794056
2431296
17448363
142082313
102514586
387222591
65225871
3987719
70196430
114690648
419578772
6087837
5093561
80042102
2686145
69005967
71441867
143368182
121416572
381746101
354631761
383792591
15522243
71190943
7624229
3359652
397571842
91934822
3121150
846793
61752317
141939699
13796241
102654980
54814331
143170368
2229884
458653592
1574767
451082912
394080372
15598214
106679914
15178364
101184336
464350302
141879681
374278201
3412515
33255571
451106472
138546011
121208912
797528
84029145
15075145
129635084
142337477
396704922
453844352
366943791
3137509
420845562
63915669
30777711
12326082
523305182
4311601
78791033
456790992
620518962
143401568
66201356
211678
449197522
2104110
144572222
126016389
2288479
361354111
63456716
346468581
381232971
402865192
416700252
7372871
1625005
394371932
133203834
4094320
89127331
953100
128427825
397305902
108136432
71127959
517043022
75485502
503026502
69941970
98701786
73043591
113413044
67283762
74597250
12310848
121953952
408721752
720295
70575230
89518953
142747120
2135931
454278092
136924604
415560352
3091916
391417752
75739806
103052674
1179651
462946902
488666602
413786272
4307639
713384
577312732
145370202
383962111
347380981
386350661
362917231
129265582
91599884
77771111
494497892
722107
71299825
62718740
114206368
90465925
94613616
106746762
82579212
137234076
75623685
62251671
123184058
2512157
366440601
542373662
1123844
114395820
144021402
118932068
142153245
143172432
85496188
80259092
510822722
65593936
1100884
129933490
84268181
141824103
467105842
111031418
100835978
910218
401485502
422305912
404202812
139705149
2162563
452248252
2547764
114393892
88486707
95254406
5416692
4244589
20446931
417357342
87361459
131982320
988564
98244126
415383202
36323441
11058998
392747542
80591528
136672566
500346702
7780233
1573596
1068078
134390766
63103595
104337100
4711060
13789098
454314332
24085731
2511688
451667072
3446738
91711562
136331260
67183373
90277489
69465439
85096896
96315820
61860871
606997592
65566889
457299902
82814390
15593180
10101675
2174153
132656656
3275349
105798232
72920482
6697440
449197512
77724912
134336162
72401820
543724582
525249392
68047382
370962051
1005379
13167075
800643
16099856
851063
1172914
2492156
112708676
131590774
413413842
4299820
441259302
100925148
127452941
144689594
110849278
409467632
72363414
378796161
420902242
117371192
407735592
140152177
407250752
73463569
660685
61354762
449199542
497729512
1174982
10245065
535487192
113785786
11518994
745498
137726973
75572712
138127035
411181812
131738890
13267915
17853704
578715472
715816
390901081
424567652
437151272
413414002
13564144
451416442
74837030
4588211
419280412
74327007
376219651
131748906
90262141
360812951
508379882
910270
121179372
384262751
134033940
124161806
4895400
79363435
3129330
627656
367891961
111726226
76543369
129104784
103214986
424844192
122196024
417297262
671342
387602741
1121618
136918840
9838135
5275936
74604048
10287071
16753987
90584807
138540035
70094157
144201166
22784831
95965796
520795372
143382074
73613245
69518021
143909206
406083692
33207661
593721182
120902510
70697372
447817902
493858742
85918457
126448711
14993991
65493800
131742048
2278410
140116253
88873145
378743801
10064651
141939679
12291998
140278703
142705696
1039393
4307636
2864882
14628832
366148451
596011
1110046
3899459
126011309
456076152
11959695
132201184
16433494
601797
415267802
91398018
349922251
54519721
10360830
441500282
60137501
62975046
17442625
3580260
76278131
78977836
371988531
417160192
132137396
141367675
91877502
105118480
429944922
455366432
16507262
461288142
131811472
63472090
124470160
13275764
450261642
1039962
96341154
429946802
104011162
604143
455382172
7613144
510905922
5708742
408213552
456840582
458656632
5896843
464374032
6100055
98408436
144030890
404582252
4007042
124990394
10527694
547535
65817348
116705290
83059240
397305912
136339994
66539314
133115382
137233978
16905001
106003500
351595731
18024866
608410292
138046251
1040347
61860658
924937
3060682
17607726
1126586
355991991
105286412
133062654
124249346
140875587
354917971
137818543
538113022
526893602
84310873
354267291
555550692
2711625
383305311
121928148
14408121
106314734
370254371
81364054
85471942
372618471
3521919
84310869
85504206
144387922
114438546
13975789
126969663
79590654
3590282
847274
1112989
127328739
18059158
405112032
138547221
63094568
82463992
81230438
371954231
2120788
417767162
115034200
66537659
765424
17390666
84857497
552825932
4315801
428974672
12325103
3040368
142054543
143401564
112893980
13231219
75766545
4618866
126844197
4538926
17939574
87801647
102420192
6720555
373384671
561753
2285264
3122562
3156642
127516545
6922485
12711428
81837008
452945942
14111881
1101590
417335222
110805984
3099905
370094611
141680513
7245913
62724008
360445641
87321211
88485737
85372098
412549742
84310871
128663439
136339984
132447750
626177
4195719
70125574
398055742
3166759
422282542
92141152
395630272
131946662
104088770
3642076
402829542
63304082
68760502
371702621
412058672
354631851
408868922
124992400
111777244
728701
358456171
117056114
492619202
86124979
106931458
1105742
137009664
62070467
17442610
72410393
476195172
100836810
90218507
72294262
385863761
87396987
13651708
539314222
67929160
12109425
1105425
531941471
128900200
122661002
79054465
90248159
132937454
72318839
442403522
69247110
130674320
541862
70991938
576178782
2296782
143171428
74131477
15737958
87834279
422654962
15422120
4307641
140839899
552025432
5316989
83151442
958214
141028687
412628532
92828722
391669582
85912331
78321315
5105730
788674
87320577
96468132
485967542
349207121
92650558
13786031
62082828
412724402
457150982
503338122
519593092
95420046
72986941
1014450
613512572
65690440
2509177
75535359
850333
96449054
57428311
133103642
68116151
955752
1186665
4315389
4677119
83940945
457844622
13662273
14585986
69261838
12573305
142900046
876430
64074720
444704072
345997081
416766272
6069989
73682284
17473599
528462061
4761585
845909
420845842
1100000
17479922
453904362
71483079
98579504
2178632
5496889
1301081
65579172
3112598
14875917
392153772
408868932
137520912
3156853
62630480
402003242
61292000
71441870
55015211
61396632
134212666
105362018
66539331
13655150
13230132
109578122
133583958
922183
401967062
526302122
420845932
54068011
6255193
79524340
124239026
371627741
143781578
412599262
519295852
456610102
495635702
378806541
549316422
419917582
17681688
125922561
435180072
583177682
76199994
56890761
555001
106746766
142912290
4273999
388006611
410108692
3147922
420861962
98701790
65227251
110503268
531901321
128181959
353121641
413413922
6051502
1043984
87391171
14499490
126844203
2309900
906621
599218
126261737
137199190
1053678
412058962
70776349
127427711
130454608
15376483
5278011
113418524
3580257
492157322
123786816
469943372
68757060
89174059
440262852
105281096
13129378
81262500
124659388
438318432
