65036877
138604237
136135080
8086133
72363393
534076
356863441
64821460
380553541
70473113
3592770
76411962
113415656
131337140
7779499
112667906
455775202
116928176
106152696
65534802
680543
359414251
130850270
108055244
77234387
35748521
141821729
104663904
62469562
559465212
74383642
108624716
3732430
144488684
92719960
5705289
17938533
363642741
74903894
3140671
420748562
119437284
121179310
66608886
978896
6587992
14932729
85385330
17786525
378947391
107742788
12901206
6304467
134693054
135870570
143382240
117726102
74473321
522622322
83936995
109169066
505440412
107762414
106261744
2265289
97232402
91650394
142999898
3200294
118844588
53868481
78045822
68075530
3170675
97820992
105044014
3658089
7521010
60886271
424565282
69194888
15001842
409141692
1111791
1104671
354662631
144990176
126507177
99261358
132062146
105286410
71731737
2440438
111954776
116348598
10625785
7042554
3118942
94344114
134024918
4114329
84786883
443876262
87361601
129324476
725616
84431047
420902092
365418
2246287
85830965
106713872
398773952
1643343
95680840
97198286
106249226
123240374
66342604
17608409
497484562
108628266
388731541
137262230
418245752
105915734
102096572
3616240
69328683
2114384
63456723
107690728
46230021
4116568
867248
2300586
74811044
133583124
72055715
3095869
3155137
799312
7261387
481510402
114627448
440599302
45684301
417682742
84842511
457299832
84379867
104088716
75212167
71039604
413490792
65723650
121179350
76734212
381458141
422208082
695836
142080217
98100180
81836128
426121572
365943131
71279687
910341
54451271
78484120
396127542
349440851
69442692
15178643
821901
135386242
881483
4952899
2298088
75213998
88328685
72780496
372654431
103982152
92720050
454363282
62125659
66342609
379723641
96063778
81827756
532704
70813832
126901553
424006582
13129395
14848319
4634582
6951800
13234888
78184042
77104736
20481851
104999734
93525938
993619
92829082
361266491
383832071
85484810
73786727
14539834
662783
62763626
3407355
384707181
345377611
431492752
357105421
381202961
15927082
78233660
120449038
118484138
613517
55613201
16578704
411063162
460804562
407122312
441008082
61109742
79380019
73302310
96400320
124366204
96624386
107665566
480769122
93318864
10963135
346489911
72295292
92827740
804845
11288956
551105
89296759
136336120
75795813
13159656
3040577
73528743
17135089
369184481
450485602
139618633
65225852
116348192
378114241
15676831
12479679
2280116
422235732
3103783
103919054
348375041
118190296
67782091
1141487
383850101
68706092
68747048
2149346
13141708
411429222
69608255
144535600
122296906
518888022
3129558
91102569
858447
378888081
6025488
576851292
75057000
101395568
86503819
74173074
576439
12299434
99029062
7675612
114438522
14573151
541846
92722906
89971613
726014
79092292
80870074
74671975
78028539
130487220
138128217
114246708
13162038
129441774
13783495
373595061
90314083
106992200
435851302
968912
111739474
71630476
357693581
62263944
87991383
82209474
120449586
137232490
4189329
13177281
14236803
99976974
371473531
91323208
105860130
58779031
586064
69959807
925109
3892906
69473091
75551473
422423112
71098864
61752828
3130435
627110
115427270
70368139
122685754
678053
582264
587756192
1101698
61573234
26808181
145501488
118094796
75526547
433195152
77369727
14193950
101946555
126785677
493812602
82675726
62572234
62471074
138095753
60453211
75802457
2919621
82715690
73707702
129439952
5657993
45683921
82244430
937337
74493137
87172415
115069036
135998828
763158
12601639
7677795
27197301
18174112
125543284
2960285
916937
13129199
67567440
17472726
11843963
81366298
17607475
373397451
118807480
2166355
99676558
6495251
137815383
540955932
69584517
53073191
32116721
17607001
78233016
88903023
86922613
129324402
13027978
66221567
144124320
2171384
143276134
9951183
6343265
83990397
45490271
99142676
10963130
103205072
6461429
13130990
62637518
71700507
97828210
80469030
448927492
133346530
358658271
89865129
949462
70640802
97459304
2516589
398568192
132629132
437203682
76442922
94188742
17014649
351145881
15078237
6718393
81200428
364998601
860840
12885392
382267071
60703007
12601457
2949669
813978
17561513
4943752
105860140
123409068
11125329
17363279
933271
77234502
140258525
74625996
13140706
71601801
89657593
120441848
439484892
17614736
68950968
5150023
15672310
429472402
3117007
51641681
61682232
80859294
91855106
403915382
85270782
10245878
5150027
10287232
2281125
83922037
87757545
363687711
1082490
107295836
112657994
98961934
519847372
10506413
14927745
415915822
81836156
7460096
362957331
410121842
39544611
62439059
133021828
11596271
105710122
77940241
390236981
145084322
388714341
353122341
83841070
66027693
8146786
5079328
88278237
68171062
563878
397419532
118495592
122650004
485727962
62028333
113483516
135374214
393512402
130856346
80314456
120449582
137863323
521607102
14878503
103139836
854137
439113342
123886746
435665312
65245760
144764330
70335411
120429002
451630702
137206348
75344956
366441511
65401110
880923
61829948
62165392
64299916
18047578
449192072
79109329
64468940
103979510
12292152
3130434
426217352
446704682
132201204
70443755
70697237
82415054
7800368
140076439
454305542
73742055
123815924
1103108
61493539
5847741
5404532
774686
103982184
10984119
71738557
3839473
97455436
143171450
105228360
14066100
73463567
102021717
4301039
87669713
96459918
2264701
4052889
133581342
7675053
74406781
6052505
513528092
83937229
17682927
72544955
415749522
139404725
145025652
416477092
2603781
6144639
75765968
95619766
114088790
546594
456149772
70384193
4160832
124796916
14927757
135875130
44112891
108545522
11295691
130647464
143167068
15839774
87345669
66881671
547569972
145659990
67234853
15078242
2104107
96816474
421281792
412546132
10584129
1088374
4099865
145248226
79357561
407195942
2221576
100115956
403532822
131232040
119957452
6720640
90393105
425662562
127685575
11732008
13176042
592257982
79930856
122438396
2557035
2166347
131341840
364915831
135235174
81364582
490726842
13336072
68861117
61795231
75072955
3117969
17346626
107691306
72370373
57983951
2603803
576851302
7332956
1255782
506193722
89796871
134919810
105392838
117637004
69140513
480769142
4253553
134781036
2289404
535680
88325471
451921542
3964784
479276952
87767973
3668094
6802398
81797984
73145938
128109129
122932962
425661722
80336430
7113885
1107589
99559724
13133232
13211608
601624
374838071
94402166
141900885
457466392
91645110
3199590
691663
675582
91934732
4587159
72332709
78680535
3155728
139132521
379373861
73218722
67234551
66404570
106506530
369171721
435491532
3302619
387457761
97096562
13655153
80149282
17956922
429974982
69730416
1564826
387676411
501666572
141299111
17680066
1102756
13178613
143776484
62292906
125088924
7332594
18005113
102353400
138218653
110243488
75469630
119635276
3578351
376219441
90394679
596014
114501406
66588235
67924607
13783233
128278641
84288353
456149852
62471080
12166837
74058109
407109492
13430741
65395707
4087063
14390414
136672578
10101748
18581591
4274057
143040298
17604829
82768032
14927275
66553429
78808685
64995345
64672569
137729345
107757986
429025422
109168972
438871702
98757740
76303639
17786531
95245800
98026680
99402474
363175221
9975826
129011936
64987551
13636693
425709182
68075343
14464427
735181
421388682
126112911
72363412
99127332
71602500
3339455
67351460
123341206
1575790
144572246
355398561
12871714
95254414
89355809
90248149
97956148
381082941
110956532
16983895
135373102
408960862
88846235
60977938
91599946
136484236
17605369
131781464
830309
367867901
68075516
495958932
66404571
13727864
97641000
448281402
6278230
89128533
87447389
78932940
70249655
403115082
125539808
411776152
88375975
62461499
120429020
83837262
73076104
27092741
62824916
3963789
143446906
32140191
29196111
4253874
356709081
137206352
72542471
3072039
17610652
4762629
5199223
70554261
104488188
13470709
7988088
13128737
17451555
1074626
100745750
676175
4207723
91222560
92141174
131370184
472898482
4253420
2538419
104801948
395307702
134024952
2184643
3355957
371619861
84903653
137204780
627542
122439820
134521528
911491
94173650
11616615
135440882
14082496
62293836
17786535
58705161
576444
624364
368993191
71292235
127678369
395664662
69220408
34792281
542007
137729489
83748366
366442741
569166732
410107962
107250464
355814361
88471005
410092722
103982180
579920562
350001531
15408612
113097364
498386882
364037621
124220554
7323576
3168753
134617125
554973692
10878079
16853878
125350444
78189377
123807794
78694231
78619792
349988121
75833584
743990
98234036
66722889
16645088
15595807
119190980
86427767
428556102
132719390
111779768
62001477
117309876
72306352
395094692
136889420
79824418
1014820
5104843
69959811
65938185
347279961
118913034
112670626
5106540
142004061
77849400
12343341
13460189
44300831
135026864
124996162
75749483
122886242
3099612
62439404
91883774
80896366
6461431
347367911
115766182
14539827
99249858
126881935
102938426
527958861
454363372
144451076
476669192
56855301
138042669
2439301
454363442
367714141
128996594
97458300
76066734
132491484
116705222
143229086
70920917
457786102
90418191
991100
1885522
79930880
83876633
415561562
13787879
14539393
130599418
69791407
60771851
41648851
6658340
518477182
8064915
2925395
3577856
29224771
2864029
62557275
6270545
3729747
4299993
139404757
418384582
385973031
676947
345005711
144938224
4094775
114655620
427205962
67503801
68760503
1115745
84490457
128094409
142433079
71301806
58786571
552756
105911958
121560718
66027696
1354295
70335412
83790334
115756088
16149861
116528782
63135949
428302382
76551059
107061540
4588217
113983416
113514160
60790227
17782664
62498402
14669262
129568034
15704036
709851
12906052
128557479
12206724
75876781
85496298
80770620
66598148
82410864
402838602
83358280
414631692
106309878
2313278
674643
7779508
473391982
69963286
727993
4684015
84763005
4253401
74307828
62943827
136337000
84100231
123898960
549552
70510443
143053898
4127465
128992770
66870715
76500484
95304958
72934520
98223682
419910692
76438771
88375981
3333468
106992202
452697602
16401957
1109735
109701550
75433598
69018823
9440117
103605436
98600692
724829
380596011
67858680
907943
549558002
119514920
460184322
71955268
89760595
130116419
144944460
135817916
91354152
89845221
439862962
18190275
371600781
351277381
410092672
14583099
370343521
7331394
2529779
14539826
81344516
7600175
10019070
69982615
14154336
7091372
383741011
78934975
3112546
15215306
493859392
90428573
138128291
71090283
618428
404476862
2525791
4038280
11943069
3920076
79088592
70947831
1109725
376466141
124714698
479400992
68239917
85287392
132625762
124220578
111689650
38637541
107787270
107425670
68736608
73517702
2229514
6662562
117167914
129633862
142337705
62826429
460278552
2249099
114391222
76500514
67229098
105710116
142417109
62624915
791000
4121798
368584911
75812943
2541772
399042432
145437206
2278008
83358286
386961991
18190276
85454158
5169784
131725568
11233429
84244161
68335741
66940967
724513
77183271
2630425
96000448
13112303
104109926
124600624
137926521
2268668
8016405
127892261
90213411
145327150
6773869
129387018
3018586
469254722
66361593
13208810
413807862
7931478
126534871
6611863
72059900
361134611
397729442
3822102
83160466
960539
103098312
144944710
548507
2519114
72517596
384071211
94238480
56418841
2795615
91335818
31057971
17606172
6944534
80108828
366452181
82182350
128589229
86157449
377699401
355854821
7046191
97849858
84908545
505947152
15489381
19190401
122046828
99095796
141827811
126603485
75465066
69403012
137198426
10101970
75734486
130251492
131218572
4125117
131777708
89503805
100115064
82305928
109492032
406725552
49579621
75338070
14495750
17473401
100158872
74419823
125385370
134774628
77415017
2251567
126187793
139111893
110160240
352210261
107818280
75072832
135176054
127266259
560112622
70697236
5169789
67320691
117012388
103215002
361474021
13705276
7583582
82664652
71967039
17606763
84310911
568120932
43010951
388613691
105048840
113248886
4253526
140398625
7674863
82751346
144439728
2794163
523474942
93735566
127562437
33382291
722161
103071842
9956063
121488468
120431898
632271
13189024
3754371
107744176
15597238
86101339
67625876
105286426
6107256
428324752
14360089
74196336
5438972
95943186
10161540
4253402
111022444
580851
963081
3660310
87675683
78383555
87789255
76781827
62857011
2248430
99513264
69070730
5626621
1090020
2795616
17637995
98485036
83385598
371744621
97088956
68102099
425591092
712210
67077209
2960714
61104171
469370892
113947116
13569630
136601158
16756193
863488
65938290
2294608
4307890
10279834
142808284
68075529
140481345
92872154
3042576
118807482
13477062
453959592
102027649
2155809
505368712
111837410
62365179
13499039
93117524
80870008
67526692
429902402
407106872
118190308
73141418
7591674
17607147
357917801
73695217
93130972
86400945
3959408
104998696
367374011
103186124
14211038
145017214
571722882
88174151
611971882
2261793
14731693
69056426
109660228
369184631
142378777
437930402
65173071
95933844
101172738
445236292
367472701
3155764
13163034
5422294
66710351
106120434
114154550
17444648
13783503
2862728
101632131
2723258
140858185
424438852
134757012
1151152
132375892
410052452
89941861
360460321
141826581
100925150
68658102
128548739
17440236
78383415
2888230
370238471
17392863
89597771
406009492
430499512
71337524
7163204
2309910
378751611
62471660
109590434
80413610
347265681
24039401
129642910
412067282
456149702
67248574
13417151
13444562
137863331
585354232
63912883
360301991
88003141
359180021
79667830
3091967
1572685
3607483
128515653
3116168
61707305
10263652
140398653
80870090
74569183
123785646
63893616
17606104
16328613
70142188
361234931
63264140
77134827
437275812
435477382
7571196
79931420
103986156
13199689
5106555
97084620
109259454
394670902
93058850
64620659
76003392
68963743
121720232
788026
608749
137726289
131772420
28407221
600727
6638278
78671163
5646858
145139340
131689270
358141521
370221671
397046242
16224804
70333879
74389724
129009624
2862096
140534075
61043346
402865122
78282094
603769
85035527
144488698
1101868
17608729
134481678
111725752
410960122
116440556
90248131
18227777
84118441
66472112
17440757
76890990
676168
117726394
27770731
80609508
2161577
119925202
6930065
89721461
14524978
568129772
550195082
14614073
77931369
413398402
5079477
88765627
5404589
12885390
14172365
75765909
68749646
365973261
18091665
67795285
94369454
6030264
14405022
66642639
4301441
563958372
375779391
353213411
479899102
13913372
2925106
13138715
92534310
86833855
6969082
69859179
17444643
560951892
111777838
70594492
3445624
2548838
89136623
74294996
412545212
73297743
13485775
130637542
141586947
13131901
76834230
62165434
66286518
103797926
142378795
45417591
2261881
7779482
3139515
80274514
93218932
453892162
361557741
134031294
119931266
69941882
440408152
357693521
61594177
141821835
456149802
70192213
380495231
77990059
124220438
137232276
369230261
142720890
376325531
72090060
361345751
6973833
362270831
8415842
94535888
1575439
69018822
370990431
441462362
67256865
433037592
358849801
2211405
95660136
13129140
948066
145017164
130007994
69018972
81436026
72931791
4621949
127452949
129636008
505804262
6706983
13162037
105655838
61695525
112896870
123341158
1104837
119291064
542244172
71462202
90221451
78026031
14948176
345857431
124603284
131359422
17795805
3774159
103128914
61428257
3361868
102597848
66606238
68116161
3182179
90759779
100720102
95967026
121239416
81363878
79588352
3159326
87126469
4188500
8929688
68350112
417264632
103305926
13160442
355813661
56903981
131449206
83160468
134524122
124875448
425686982
16667851
16144118
67306473
70565976
3479054
3255997
62807687
7272317
140634493
111726248
133580070
1102534
90891043
66534140
2248424
92546286
85849773
2231801
75121243
12845819
10216222
73510197
104621792
88328665
56190101
12026991
136458196
75299641
4634914
390908991
20343861
831349
120868850
71490618
387921871
7759930
602247
13100384
3590343
686821
88028627
134965712
38987571
70386382
661836
4194876
2006266
134523702
910151
115992510
65520773
112734906
480590612
2553114
2976492
424507052
86835367
76520395
143151776
82492140
117301802
14632943
63264149
13112294
94055094
92141144
458261682
403915272
7429119
106407320
412880992
121720240
72047758
4185796
136341762
363732971
16918509
13275871
135373128
124600846
125983773
124898446
68977831
371627301
385249151
346701041
90559093
74287030
141376773
73616482
30783061
134358258
100139878
101419448
135363360
88806551
415112982
72066245
45544471
103052670
3588702
126920855
122891220
394886412
139153669
142832896
437193442
15445471
128778251
363201141
111780392
68414896
110296784
82664692
1018510
4858215
906650
119872960
76689135
103649778
102874182
12441106
3145739
18100166
103635124
142378801
3538068
459401312
366441411
2305674
137806875
362685731
117371548
78859605
1022523
16873900
377718491
90315633
370862981
66730183
4110990
138546815
3104092
121657886
428974522
14993631
142394247
78918012
452885022
87769319
95777436
909605
67037236
377307861
72327654
4074670
6992647
426703702
3102133
555752
13927696
881479
378114081
78017839
465587362
140879381
1144545
118731456
3112296
502426662
100586352
370959491
426963482
367500561
2133807
3362636
64987208
360812921
67606693
466638842
55853881
74239011
133608088
3154853
65265739
7487890
918094
86400917
414353112
13271089
133103610
386150751
140421817
5640478
58786421
66027709
371654481
436480682
100217476
367440751
513879202
2148265
115822156
69714329
432212762
4038019
78269295
546875662
3137301
71955252
96017822
15208842
3109098
102405616
106513564
83059212
765625
142551038
92141136
74625323
71847387
68426619
101559466
90807733
72544974
87932235
6944547
133115414
83051638
66356441
407691402
94309906
83050038
109735830
449191992
71847520
1174770
3755292
536953992
76209242
350882871
590881792
61528120
74893904
109170684
61223774
6237176
116348204
14533608
105085632
4207595
4602459
1172426
12064263
426245032
351551961
80947392
553094
95967014
469440092
93312214
380397071
6686072
73092462
92719910
109695322
121328730
664456
529435361
92491374
61697384
17534588
81926660
86655631
83506572
2878353
387175171
2171504
144947808
426106922
14178822
127675127
120292332
13062271
105167444
77879712
916750
4575932
15527509
78001828
128600485
72101138
578590642
3165201
99358970
3102191
426106912
65690455
2176854
4677990
88799347
126367479
142378787
62165236
74286186
3164129
70913020
13840363
380489171
72030971
82134174
69286123
76207314
373969041
354072301
86612051
143606890
785231
389040581
135373122
67420794
821913
699130
91102379
124183416
60946054
83379332
53999711
1153518
80259086
4253538
116348596
785224
15684540
925758
126915403
467966982
2160792
3166785
354007961
16970731
121193480
51444991
78475870
68150826
118731448
117487430
3104557
97231602
12744683
105359878
680627
3828208
4765756
502776602
90221449
86987691
105966908
69441019
456149892
532333482
15914062
120358360
15540468
56188881
4230037
90944585
662464
68937857
97937036
924554
87172389
15586252
70728645
71462197
3098267
6105935
3138374
412210462
10186100
66023713
454254562
365701921
17682783
10235185
141202199
62471095
1576101
118487370
122983954
4288199
2675676
410104012
397571892
69003824
97206084
123791446
725995
4292117
134947242
87788353
447674162
112667904
91618440
87369005
16574062
68414641
109042882
77470193
113756126
130581584
616987572
137135438
431103252
56190121
7329909
5586701
2440954
99692294
143175838
91476282
10214273
359438041
376035451
62166916
12620317
72333627
886334
81201786
111033374
114286670
62557269
134024950
4162023
77771117
138238311
141934329
510377572
66890891
121125880
76025528
100536704
119830038
4114809
3131304
74461791
384717331
5093607
121595562
1576121
959611
3905058
357083261
2218240
129028176
456149662
97687818
112893956
4253017
143859742
65028777
3822464
65625231
393821482
381172991
120359036
3159302
84668857
17135095
119924514
53999691
365557891
447952402
102875072
88374915
2534224
17964749
2166346
141467611
378113811
63076910
376160601
110549624
65416132
60991519
76154184
678371
92872162
6310450
7868660
64346865
132615908
408510372
12000308
92630458
70249589
92491446
62572775
63506669
74307837
3158665
83111370
398926162
62504046
3156940
12664542
485709812
105710126
144392866
17880927
62220852
3574641
78915853
129311012
439228582
69106347
87960517
15391617
82182364
14932015
12040814
100515134
485136422
4300110
16477264
121390640
106969352
77980258
77861174
6820874
14539830
449669912
118002326
379833411
88299351
100313772
5093774
107210614
5404475
385049491
126140351
64476436
104519962
65531544
1575967
457299852
13794712
15079092
104623118
409036472
4094757
412545262
16047064
108136474
95447974
141553541
30003301
17612262
430434332
424585712
2919616
4193818
73464105
492236812
