618550502
135689686
4307639
358187311
945217
366300271
110152066
82664612
432212762
71653998
507843602
123758666
132937454
398897482
136342808
75624219
41100631
118271126
130484710
81307162
102482910
27239731
64603010
486183132
61263041
3207243
566233612
119004072
2307289
542389492
6922485
13140481
561856692
109169064
2255374
74254869
3130089
99597246
115026794
3117656
504056042
137728525
17530534
921873
913942
111879402
78101750
141727839
125544848
435079872
547187822
372758161
555550692
388735081
117376888
887895
393832822
456840572
380205251
51245891
2503278
136849898
610169422
63353701
106235078
453649322
88806407
455225282
80276298
70206837
8110299
4087305
85918481
586087
57843931
518483152
466363742
65359528
2553220
5612146
16569220
95585876
69447083
456965082
78652585
3414900
5505765
128706949
17444406
14496778
354631761
422201722
10357606
115034854
61697703
71624767
451680532
61840065
457278122
37188841
140716429
80929822
7653920
413349522
65457660
14202934
63456719
64821469
62736708
423988282
63424928
354008101
100598482
434503332
119812882
13503834
129134720
82264710
60841391
7216932
82457178
568793732
431265622
134521838
992101
139871053
2309989
117859558
107318362
4432212
128100131
4084770
74641072
66465543
908124
3137682
503169132
70322136
71519884
387675991
131742092
124600538
98922726
2630714
371627741
370862991
13639310
102351354
87174085
390213181
508736382
78689865
905692
451646602
357741751
124220438
7435004
109703266
6519857
5404587
17633126
118660560
100634490
446964262
140237711
3205850
145504346
85538548
126851119
17346626
362725301
79400821
602899942
126845823
15111140
2166677
73175225
629899842
410888622
125350444
67164737
399045762
381452801
13129754
74431795
849168
7562827
378804161
349922251
392763372
106088742
346949561
581939
16631531
76292212
76985025
933408
120295644
394891962
139419031
132194668
3099000
61466562
85404248
413619482
3886179
13639423
144598636
374244501
368173971
53043781
80608670
3435031
136579166
100364120
13550221
119940706
1680882
372919151
3874974
33216071
78671176
6523578
349458501
78783948
69938495
115748392
68107842
366297831
63459799
459530452
100591832
132629132
2114565
438893622
119830038
1112314
140371055
5652653
378948751
6949888
2162251
68926313
564946572
90378455
62241622
3182576
65600987
378801941
74594928
66505679
13749518
79667816
77649008
379774271
5896989
2239832
135374166
142747120
107471442
115702818
125043360
83938203
132723692
134530606
4763166
82237450
16127279
144444690
947190
120732084
472694682
66465545
