3157972
105025158
70506864
546233532
65759926
15139378
132265704
144389058
106325994
136889434
4286051
70266757
100421358
29381021
79875050
13543546
64971011
464419652
126376117
425012712
869547
123903244
2423901
126884459
133661814
616700
13975779
70403440
129011934
922102
472992602
52735971
81260704
111482314
3402413
377471531
90213409
916427
1579265
1112991
376231171
17135108
74494858
71294452
381810741
355246571
100722468
134711946
7674864
80274650
62738610
555913082
10235995
547833052
351595641
139904165
116348464
117797206
354918041
106061602
3256016
472992652
2319638
363834871
70266758
534741652
91934728
137726975
534628
137726987
76520669
464222602
599423
124603268
2447443
475990662
1043879
124262680
581751632
17608742
5351361
100067510
5092738
144258986
2320088
77369729
72160314
410960102
534730
1015879
467988082
527930531
554446
2247835
5094040
84490459
73724284
106506522
4311272
417195062
3787857
2184624
1043894
398055742
79965994
373063001
436551402
548348632
145501442
103549360
144388546
356902671
3090875
597166
128948012
79590714
66609426
74494863
116866554
1109730
3129408
143887244
415370102
7706014
16607977
553193312
99976960
962260
143171642
393477332
106506516
383301631
72823271
6461440
402131232
15781392
51867991
144572216
3117895
100251364
583177692
1024973
76520904
457086912
925111
558528302
3119029
355460061
130414902
106754614
366297281
6249579
365344
79319969
457302122
797434
15546831
15781397
355724441
7562926
483320042
413468802
558252682
135674870
542389552
460570702
17416529
