2248445
44256831
130425888
106904462
13128250
810424
357737891
606908
359256871
423576662
88207323
483885662
75703582
71999936
543120532
144475790
72543805
118760318
2218240
75244196
14360089
142337317
99735814
429992552
73696398
94340878
69331513
143529978
638487
105011232
355603811
543724392
122927588
12319312
350027801
1102534
7706003
531941511
66931092
139563491
80908514
13794712
27016531
378796211
349786801
27533911
12325136
1109792
112662184
94330420
906569
512346
142688656
17690609
781018
545354142
73634760
3039823
113980522
61364755
2183168
507333412
670804
137202284
549810842
145501426
263351
1395454
1247297
130695024
72100318
14871134
91151235
5223907
78115408
935419
84340329
662416
532916
3256027
522395482
4197799
8086133
5425218
86400917
662875
13044620
953278
10963130
72160316
120730334
6467783
69879242
4194876
3140369
68075499
99095796
395723882
2501198
71966533
14524977
69686452
13842010
13801829
99585956
552251
87114415
124812290
3957722
5123759
2438134
16582916
113415656
6154091
365758271
380154251
7282592
396116542
555756
145424772
15178671
71893084
6470145
15178233
422554782
98075054
380390851
509616162
2263267
99871326
121648250
422617382
17605334
347385721
96438278
17458291
552657602
395339542
4292117
5664764
12399763
383304071
70540904
91599990
365268
3023296
98133122
69662617
1103331
471847812
426048052
58075161
435905032
10969975
13276856
139405115
572545322
439671272
119793942
2248421
917257
75257633
80718790
412102432
1436183
94771334
3296474
6657435
89860919
39544461
372087851
15512630
18089483
485800532
700383
137725707
7674975
97094250
85516316
2947210
476218112
120529116
74345423
134982306
134012980
740285
88728991
77771110
60868966
529368551
1563444
2967720
75610732
5404428
71967082
441008622
102208914
429713502
72933977
3601754
87341697
73219987
449379672
3129573
598671
113079460
10177766
67694848
118821200
124062452
70509386
2547244
105710940
5472073
10446162
69138762
5958672
17684787
422214842
13726474
61057254
77379683
69000765
94247692
4125087
400260102
70717156
1739028
62857011
14518846
371683361
77235312
437886582
69964804
71323448
865696
102874182
12791216
132923304
4640027
53754751
70562483
72294271
134948420
10206264
12325102
99976964
66439487
14926998
67159083
3667326
75072248
2954677
15513259
559728
83504356
12415319
371654541
74173053
144387998
124218492
18174112
131232212
84574225
552254
10019070
89845201
13377571
16565390
7583581
66342604
14948979
4124656
3147740
26207621
105804664
117713650
3869873
86268055
1115046
3169228
11282936
96101344
69924599
69924617
144444566
3907871
135374658
949289
4184651
13707470
358996081
503136052
69814110
464037062
453844342
450695262
348629541
72333195
347279961
540191
103047340
6917808
85228530
77554026
90059425
13569193
913910
132821252
415201512
57727541
6770992
482986862
101501298
111412094
115821124
46226301
81090962
7151686
558804602
136672562
61171447
100760874
4187426
387968211
118604304
2818998
61287079
4636512
2420462
102654684
10545921
17329824
1213882
65706370
382030901
422194742
13132390
6686056
397649762
145429546
4042941
3018586
539496372
420896232
49624271
105769736
64902275
519078662
67929155
110957896
85909189
127275887
105359878
10357605
563924
137231522
70383914
145302462
533609232
368569071
5657994
362843031
128407407
392579212
127673411
2527502
68101744
621215622
371619861
79573872
67535189
347196251
671390
80678812
69589795
84721825
65768160
7599844
45616751
105355284
552240
71078407
140677667
136738516
134844380
4198570
532096
78328498
128100411
3104487
5404488
3093462
144832724
61308370
119465884
75502849
1433772
6568868
132286790
70556808
13166573
6732242
131337544
76576784
93445418
562963
392153782
118424918
15696861
7390333
5576372
3462804
1573407
66404565
5081559
61406056
75192190
62165284
136130600
5316991
13144279
511394722
61326432
3567808
12750603
2320381
122691462
84310883
134527712
97032076
414198442
13275764
111027358
65245760
5183420
89597761
6297551
831109
539850792
424037052
96816494
143228846
3766761
407131152
90531175
63429145
145327150
143919282
70097160
5617992
71137170
6100060
576444
5817089
61308210
380536211
67234553
136029254
28269491
4096719
10202479
65491188
618301
122711514
17099299
104318522
354541341
16051789
980198
115069030
6815366
79573986
14111875
124692564
14498041
420861962
17606625
522622342
68414896
80077352
77913401
3107395
365150181
579089
92877520
10285017
78872581
79036875
3129974
60020001
2241459
95084336
15217246
14490362
7310478
2102800
72379661
451416442
2974024
12534956
15191159
15568932
12302887
