3521919
3903775
142378777
119872794
7408080
104760756
130413580
115823712
424562692
13020396
13792835
1117106
3135561
662877
61142288
382475951
17379656
386116161
93082268
69458847
4799971
5135673
74550239
7429129
18063012
3089031
6789683
96014384
67377157
67447875
578424702
142704136
88715377
14748019
145613986
2185735
126338367
4262789
86331397
6823876
592400102
61042715
3159499
75149096
415374342
13840347
5422293
355711861
56537051
6541730
61223774
78492089
2963498
393821212
116953570
89355729
392763372
72273835
80259072
72925526
2541016
435109212
2847559
366514731
3923368
15595809
98837558
80714980
450782142
455743202
120559578
65292601
75817645
2163112
516229452
3131207
107339446
125969403
4761546
57631771
382497541
88728983
113756126
60758745
84151895
354487411
13483753
3159902
888034
94055094
14044515
128119327
111846806
512995032
14913371
68634974
3366433
425945832
348200701
6973163
80142630
143187576
79574030
13140064
10560206
6697440
439800102
70562307
536421142
68240265
104069466
3852723
14681035
5785684
3698697
84310993
107757986
62664203
64707771
144947808
101082100
14066361
680111
4622831
127691663
108043960
9938661
4832319
65236038
6682867
613912
18061956
17099645
126907395
7035324
130850482
953747
89200973
52716131
132277182
63996803
60764323
540238
10201930
286183
397748692
4274003
371674581
381431801
142488793
121057740
420792062
117056304
95963138
7868864
366440291
69272693
400690252
69524336
17688612
382453631
79727562
10201935
312219
22984801
344479831
90619525
90780409
40816211
132375892
531483151
3129031
495253862
61308209
508312522
142743342
107329232
13569425
81617628
140398649
5647875
16645492
134016666
121595542
86877141
12000581
69424352
10242719
76273039
986035
5840772
6164310
74526020
80617740
114778252
910851
419177972
3102137
386012271
67300599
573668
266779
351176391
62652680
400305982
4286585
100780080
584661
65452711
462270182
431562432
439787902
19038711
74088366
516225412
454265852
14888231
70404896
85202734
139104013
77483407
7294851
415915822
62471647
2847452
137198620
455416502
17161373
131875288
128910718
425709182
14784307
2511311
7510375
88209961
79983540
129374494
69593854
7395216
376985881
569329
79073684
385496031
82751238
409141692
1143619
137796615
61350123
3358382
7088338
7272292
79567052
4301863
13471101
103503102
462946942
1114651
401142342
62482713
360628591
13140493
13543735
13230810
136802846
382268451
3833667
70274248
83613008
532527162
70943303
7721771
70602531
61100792
54842631
3577856
3107318
111031418
42872151
7221489
142193361
375380481
5975401
846698
906616
14481861
5475067
116528782
426048042
139301749
555263602
393665442
914501
3754370
64489047
80042102
3155473
1574152
407499012
413413822
63046477
62319145
96449054
507757172
9592953
9865407
79392571
63306303
413441572
128179581
80336434
86022605
123411316
137259204
37191341
141164927
139263595
84694345
396127542
369874341
800350
2714547
445471512
91663788
117062340
6872316
112666838
78304409
119872958
546437782
71116870
96468134
4612915
16149112
13163140
77235388
16650332
91987448
137921083
474043062
135373118
520744722
104791428
411598182
119873536
263351
538146
6211042
77058641
77860494
104564960
14592439
4116811
5190303
60705371
103071278
570273
84187663
144258986
79727950
385446861
5351365
119830038
122577456
678430
12164065
434215172
69386875
76947497
709662
127243441
79595960
87396815
481681362
112182464
140886001
79543168
504135742
2317860
142705696
5605167
60437441
3110852
414838202
71407123
92193550
114998684
129363154
123345698
70503264
3088451
370599341
108774468
1120924
566428722
371954191
422202512
2547502
451136452
7897971
78177141
380727181
14299591
55824061
80722286
439787932
507333412
121123256
28499271
67316141
69552404
13128250
68772213
62084946
4161884
394026982
349474921
1919130
6765743
6788861
7091363
459628742
727540
7812632
519545642
429644262
2553709
371601721
121215566
66299100
5785689
413746712
365103691
416766202
355716981
133124874
2283852
97313248
15546831
77902230
398926162
66150376
100080542
1585681
80625708
8146884
810793
810731
72755031
562731192
526581152
105579760
76389534
3116559
75970890
3129789
375488371
143171424
6770992
62532337
76438771
922294
1095872
62752127
10064649
24778071
536910862
451004602
438817782
367735801
60901412
105717732
83794966
3818864
144445436
421426682
66982967
935403
85487264
2315480
4773177
97978288
111774722
91466788
61638765
14836367
3413187
75834067
116994416
9962973
552424
64782314
15672393
137727927
140531511
93442416
401217302
61287079
85893509
145619646
69238315
145052112
94242264
1110046
71983026
778704
131365550
63015915
98891574
89629799
101401266
563873032
706051
127723579
13529583
98237636
91019429
2264716
113430076
493843532
348916581
579089
568883712
4463697
498519722
7395231
775104
370959481
906637
135871228
907774
14615239
105649982
43782891
378806571
144547528
20603591
3441578
8066399
3749789
73128975
78293115
82323926
77724950
139427991
374110051
88911095
68236798
75624345
60831477
17978516
485419572
62166938
127167835
13341413
2109727
661749
70876787
437979042
66802160
668947
68366955
461250822
73064044
18240881
4194884
72308118
108397810
77377655
4256605
3969535
3157686
61723072
74672929
23898251
67532876
17193491
414696772
81075570
1053678
532093
2158091
852335
982752
103739818
126331817
78501273
601389
559662712
5356546
83941475
61033259
94664188
97641000
70226220
3109098
7735459
134336130
70776352
135064964
124600546
143157064
4253526
112875264
124120348
847236
7555634
94108090
143040222
283752
102659148
413413872
81107742
1094517
95402892
136331198
68335741
994481
15697864
422115142
81930332
98247374
13927696
459830232
13141708
60974869
123791446
362539461
12241818
110847986
3358552
67660198
72006083
435800562
367729261
64405478
522271282
70016985
15772767
68515603
15179215
429144432
69000159
60702885
142574592
16580012
2477046
361260441
383269961
64074666
60452441
15642315
414980192
79798942
356709091
388904401
129341694
726810
61172985
456962432
4368123
111774688
70383441
353472491
72314624
1130259
143169114
118992670
46711421
13832977
81360762
827683
26624951
89077565
103512990
16341303
15139775
71274406
143875122
96861540
82193316
122604786
99554808
94755746
70459545
2954712
96313320
3334008
402867912
29382651
61239660
4672229
92259594
380390631
3715219
76705249
535040232
375141931
62292906
3885293
73361840
4080920
426267222
444887352
86164401
16059770
104542954
83508992
430307022
7279327
6815366
66608342
66374220
74012522
355173541
7777964
12493563
17606034
63449140
13018702
104943128
541324
435030192
3777435
90670831
397592242
91400152
84721965
1115403
72012023
670925
431145022
145615818
5479982
89134567
4763577
94107312
136215888
66361593
619346
136672558
3785085
9434372
67880386
1946957
3129406
7853822
16155979
7270021
7239020
3906793
404876662
40078031
72081409
461711782
17059736
59127761
88845911
2525873
101984755
632871
349482531
12169960
19271811
3513647
80884814
471948462
4621951
98108344
17126362
17390666
22799101
61882237
498313372
7272269
507148112
3142371
121595558
80276300
80600850
4230901
15543742
489126902
24378161
408047492
660685
448467662
661586
125969395
46694251
134588697
17604780
415515082
452541222
1156203
96423474
131144682
133959620
412547912
1003544
91618460
14202922
2925107
78304481
3362426
556206122
137729337
16613008
3090559
5362740
68171410
3104596
36529721
7151881
71244027
4672231
70512005
7868830
101022014
5645692
11441713
69552395
138551451
423598662
374205571
72332237
10235994
87792767
365979031
2818464
70584825
7438792
100869166
3852711
61860871
7310443
83059124
77022784
60388661
3601754
3020196
435341242
293192
7285510
442643472
85952163
537438712
449293762
1126573
361256651
92399530
89078575
434708592
936996
90013233
411911912
412628512
117935730
586163252
439757732
357617061
89600231
105886982
7857354
127127737
688908
61723291
851001
122495198
6992639
117038328
73064038
2157141
144542718
426213292
378088761
507148102
13469426
4468150
141800229
113200440
424463482
388904351
100780096
138540045
20653321
87897745
80092824
365327671
66109823
3037647
69241456
509957732
858203
543025062
15568933
4773175
23407031
69819441
280556
102792958
3613215
3107999
14393614
77104736
7285044
61840049
563218872
3611381
136672572
117126848
99156208
63103299
67670226
63472098
101819685
133037868
95059540
15976106
529982731
29806161
92819032
