16386273
69018823
3137301
580332
131449206
422496492
98100196
3095889
6636946
69404591
78026031
435906212
129275086
3664085
621314432
483916652
18160880
586048
263316
3133043
130413568
126024787
132194764
3164898
116783348
90563043
78233068
62033180
15527575
3151655
128631421
85918463
92435524
358920131
62891831
13622560
71668241
2172656
1115274
380272811
629574
544222932
342733531
449199522
64076810
1103109
2503284
78535541
7868799
7279263
447344592
79426375
76438219
17633907
60747032
97136646
69785726
7562980
371182521
4274592
7625144
415312582
95619758
3766761
77708477
412628522
142835510
7332965
34946351
361484231
100478492
3586121
569420
105052488
15723569
135090444
129313250
143031188
3842081
83385612
472992632
137262366
125973943
135687204
362297891
115502286
3848184
70267013
364915271
120339592
71711927
3360629
118183742
552414
77769925
375050191
7610352
107831476
125510032
13988459
722161
624856
70029352
127248037
17142974
506214482
4123268
490415492
123345700
353480391
142393449
120352046
91383926
4588191
358715191
1184307
10584129
134521520
35782871
73000889
15604765
4188290
6719344
62496773
452052562
126608577
984403
132629450
64305012
2603522
3582977
84268159
11567137
101186764
106309878
2795615
113792922
2229514
511943922
3386566
449199572
105344886
69122695
4254800
72055418
88685461
6558033
59668441
453543012
129635084
4845594
453652182
6278230
81211236
908437
636224
17609967
12534947
68265035
345076751
4087063
90944577
97978508
14879478
60847141
2483631
66517431
88877655
70697285
586870
136349866
502733312
599786
545354012
14825469
72931791
73917573
110079114
13544754
1090084
407238502
6476610
132745298
3588705
522175442
112439980
685692
394379842
1025921
363535691
68837898
7561780
552382382
396451362
438460432
701978
4288422
74790945
383962111
123785510
101295586
452224812
87219459
6494274
2275913
398774112
112501302
88726023
3754884
86616173
580964312
71590748
15437786
76757572
7583578
68854008
72203567
69051635
7332951
488038532
479348182
10584591
355043781
1183887
25522371
70142179
78335861
1175225
3616653
598721
109701554
2162743
454539272
351669311
581085
95917190
144400714
143784184
22643341
134757194
363542431
75931692
2963248
62892174
15928224
117794262
78966922
131354174
69814110
104896550
966648
99156204
101487740
219080
565489
10066213
4638671
437979102
61142707
98906250
67398764
5169795
139405105
6278743
581935
132201200
402868772
70079544
28856181
347479301
2534179
13275699
3153384
489126862
72059803
1104683
6533989
598218
20138821
60842361
142575334
144389282
95762424
17940011
449197522
2445371
62119017
2820791
2310808
6574881
18083686
108628266
475689602
79311681
114237708
3134928
76004244
68604073
118195246
72066699
378743901
62083053
69424329
430554282
403520542
122784396
2216148
126016389
71904946
1344947
134965712
4588211
12452074
4833728
1573881
107689628
139936199
89870093
92383524
1572660
62664202
434503362
13975787
516175922
109799802
520549492
13975786
660753
371182151
107823322
518888022
785207
10199754
425658452
101887093
34792291
116485566
135875530
99976976
2498437
29199301
78484225
386961991
73203613
456840572
119875914
15616226
69722265
17682938
62471074
84310877
3103991
134827614
129028176
105011246
10446134
1161017
119526052
383028381
2437152
540048822
64449240
7703613
1069257
418812722
82410874
17392863
982939
3588711
140345969
988423
7484959
362777081
112350068
4288219
1579705
581386
138128007
953098
386116051
917711
8081193
77725068
3242060
121126102
6627454
105167444
107763532
88590595
95448552
103745998
3075943
347554731
115085498
63445698
134996364
112661754
459297912
347727231
87650491
137729301
8147023
108497900
3119140
373780831
373045651
78177195
454314282
141719179
5495770
138540027
140861953
543724542
725689
61043340
705152
7332377
124186286
414838162
4733116
130153179
2438123
61872729
137726967
2313241
134047482
367787701
2235299
107144570
120309900
459180072
61466568
356103941
3181776
71645438
401708292
75473394
63443994
61700770
141339371
135980080
109734490
13796257
116348596
605486
16927143
110805986
61259501
444718352
128096655
1056919
28774871
2176853
115811282
67322243
3462875
77836803
356902621
385892831
4284329
71299819
348284151
932556
104166518
412814742
4711053
144386232
2319418
2114357
7408110
103797926
370776501
105644458
376483271
83116660
540738
413695242
95282240
110296784
90408901
62070467
86834931
80223674
68953819
99156194
125621132
531822661
126542781
2953526
97053162
685248
67420602
372270501
125544688
790933
627112
14519028
73302310
660398
91885508
15485815
2191385
16189537
132201182
82133116
785435
72294268
5199221
135438524
723855
361119531
70430499
113277700
104641484
14490160
62376335
526205052
15275836
638487
121619344
2986360
3668094
125201724
82664652
910273
104337094
7703898
13180000
15597948
29224771
10206204
134115432
13145326
17605997
14943651
102920700
662127
62251673
103152374
135242850
1579472
414354612
80274520
17162826
75794633
137725705
2300960
143041044
93630832
2166346
86973983
396246662
124062452
18225285
6992753
17497153
13547129
132201192
130012250
555639112
3129582
81230438
6640575
140860383
50319711
80678800
349878861
475164402
491052052
14616013
66983038
17968737
4252471
4288256
62376347
846215
70744512
75734596
78318592
4601779
97446850
3131286
2176861
421491132
10160616
909001
61249500
870857
518775872
71099140
608756
74401539
132465498
61394937
78039538
115704322
58779051
354917971
88328719
12913612
11472820
916444
128453213
77849400
576851232
413413952
12711111
788974
15588515
141345649
5248862
62166638
113414662
15348172
413820222
14465689
84791265
13140481
452629822
124996162
4709938
9951183
676178
10349708
76036774
789214
88150943
430415282
100124048
100835978
75931700
3432594
372456951
92830170
13244574
373531171
141920399
145501466
597480
381206051
598221412
61147778
446689142
18084689
130914064
457302112
1158836
660405
18094488
4619483
144192286
135972912
94366078
39763241
397729512
13796245
74825054
110954680
115534960
580705262
17944088
1171752
135029662
2948526
143165952
70232464
552411
62577736
881851
141617003
91884158
128458671
346866841
85454318
376480921
99312794
17014646
392243192
111615012
2183990
15107842
66506869
7779501
346098321
401620392
77834443
70991938
783963
511037712
433394132
13162037
609298582
371625781
75197457
1579277
479801722
9812700
132201202
4761586
471581522
124659390
16712483
86312577
93557176
139674793
115069030
66929769
506283702
70067409
133584886
140338851
2157863
133105228
80184762
14737961
354918071
608653852
16339554
137099510
4622458
556809
85912355
93688090
101743279
78304783
140356575
4119478
115000020
906650
15489381
436551492
4091673
252828391
344937921
1216325
63178562
16015035
2522928
98265300
3964784
114313178
410106072
396461832
5093618
7239010
4132637
6461429
141828365
662358
1048957
70591354
67234552
93416570
117376888
138230331
348291301
5490693
14574266
58391191
4253420
542021
595051
4694980
101792903
72069775
2124622
62146770
500716882
3159358
14068725
1327864
140340541
90795167
76563091
2509817
76272882
113424358
750460
67795291
561134722
120738710
416259102
378666081
2251567
138017891
114238722
144792216
4224655
448595272
101764797
480769132
13247458
4225617
72370905
125968031
2485128
98408444
15079092
3157690
17606093
387025631
72359937
98408464
2285264
3957953
16404023
108075540
16061231
361234931
2176477
103139836
119205668
7902515
84911323
120152048
2422781
138433645
7437870
12226430
94184746
79036875
884041
68075550
13711432
4764224
68452589
596589
1143488
296869491
131169332
715704
469414122
445792722
359438921
370793671
121027284
412546072
568201072
439862962
112350084
448622562
677211
417673212
128323989
1085497
132923304
71294471
110963590
88552761
5223159
3410796
678894
479021232
2525791
476195172
2934751
7419122
77724915
698958
17420676
3103097
455697072
441462362
63379186
435246512
459413432
126938657
88824737
2606173
4253142
16150099
482912652
122882544
68350107
499737852
15618526
1574190
66138603
138768067
129894952
113226118
86833855
128551423
500400492
586084
124185044
79957766
62743219
354045761
1140665
77349224
80077382
4116963
365418
106095090
105998658
138958295
2553807
127805207
101782253
96258022
67845891
81837010
447794642
437979152
2529779
123409078
673432
76211030
15588507
601886
354585851
3551677
135047854
2917316
90305563
3112221
125969379
124737158
393460742
81386346
109512200
74357553
409642782
10245003
543934752
367505291
69390141
723563
502776542
85986169
140833575
72067628
132625750
730808
14509810
124218600
2440652
1104670
66773620
81201786
606117
383962131
397419532
434192412
70259390
418315632
17612841
7812669
138130703
694629
114026390
626144
1159159
2295357
4127462
4099852
17779256
357724051
1085843
40198471
126847599
14172344
104377432
408721752
68951939
91384522
387535471
14880829
7256262
142696126
119865252
2587398
61723062
417195062
425184592
75920712
17064271
140183319
68772205
136804010
134919812
1575375
139632373
580851082
136494914
424567622
17610393
136484236
6488352
88629099
410977472
41105041
94811670
95200808
84763005
2954704
118601966
597360752
348183631
410304142
3112427
595913
380503181
61644184
87358201
70094147
7706004
383013941
370862961
114437798
491447002
586181402
137729527
2508513
451788042
23403561
471588142
135876000
95245802
423552412
78982394
1172426
128846781
71684843
64671716
62418643
442693242
87275809
453904432
3957322
74816416
131344234
99017434
41295351
135394504
63178555
103979510
12000806
71397288
66604546
88291881
88692599
3361196
65644538
441200632
378037791
2306152
13132994
14948174
139955341
126920849
535202
3235464
84310911
439754522
106386630
1620782
94070254
126844197
125753236
68582505
70728888
130007482
351669381
13437965
3155482
18818251
68376490
396593792
79188049
34992801
91005767
405573722
72502189
144776940
108117214
489012982
5316910
110256510
98812948
125385370
3072020
438905122
123635838
29199291
520260022
84965601
83936983
89845441
549979
2936707
14348399
82179544
59509431
140747461
393898362
123038776
97155888
75749483
