674162
375689861
137148948
92871290
482990352
125544704
78256685
2527119
921705
358658271
140869465
2238145
62165390
1124454
105499630
92302672
1169676
62376331
13141306
15050452
13130861
95663070
609244
910210
521006522
925108
674958
397729562
979002
105413210
13975778
98920058
102558108
1142841
365331381
3829138
97973156
369742581
95973024
401863772
111779242
623509
434483922
620156032
118996424
72189644
625672
8081451
71204339
94568700
38250081
491446942
120739000
426047942
581222272
553753532
1126602
84791837
91543348
142986212
416053412
425454122
600346
137726985
498525792
2420477
72160314
6461430
887239
78640457
4670273
20427841
82410872
938553
67503792
74173044
75072823
428974662
2534219
6461427
143139520
2160741
538098232
90250621
141232715
4946882
83231546
10263652
77380170
703748
99925946
546875602
74461790
390514771
78956229
916496
129568028
54005201
11747945
99976954
7084605
134030308
385563181
78239738
7868647
361648681
7675129
139874035
100598486
131816172
416188882
3097538
142433087
78305691
15595805
2172900
138546007
14145916
435175522
119437608
68046778
141160823
487043492
86453923
56299541
126215751
2185679
475164342
91543350
95964488
60765631
582252
14872147
120739020
144293068
514438482
142844852
424592982
5404535
2325001
13982001
347279701
2548870
7553676
10263650
969356
56893381
127247963
484090122
536485
78527800
121239416
347380981
74173036
548673
63094580
102877932
422039882
128743099
70331833
81211246
553234
953097
376989861
5542996
7868648
78498693
5093617
74126483
133579420
366449191
423222672
13149611
74173008
3119029
13724926
28852761
371988521
6082070
94753848
536481
42535201
143172578
831351
88252935
128947092
142750884
382267071
3017009
91092625
57835371
390415301
60977514
98701780
346434681
423222592
380536201
3243684
112311784
568846222
607697962
4952885
362725351
2234314
13160058
397764942
450365102
116348614
408771142
66710351
129634904
2534222
7372871
112662184
106005410
390213151
13651715
71630478
15489385
907753
7978738
386539901
89128471
133103978
103050472
72398864
519797812
451648352
423049832
347557071
135870546
1138247
41293091
994974
348291221
124062456
133165912
1112991
4311272
13529563
423222552
103214992
391690332
7332942
83111374
1165952
103117164
439484722
86016227
78977848
6297745
104936008
62220854
417653842
134966720
377718131
132123602
79895460
57630641
414682862
118587270
414838212
72823069
483320042
74457141
520827442
134945410
66404563
134012980
4588210
877407
13783451
834370
71137159
2221577
71830181
83770248
4310808
99960006
71483074
6710643
2315171
124603276
1016279
72421684
3976599
95968844
7561784
2441438
93525938
106997288
69008599
784325
71090280
463936612
832775
3658608
92872170
3102238
3151400
407250752
73370745
105070128
105069590
67929160
81836128
482986862
2497140
1123670
3140136
1121641
526633952
3071256
68046772
82410902
459988582
399023232
118587622
69927108
97342134
14629001
79349485
503122802
118073272
925399
106636048
14464633
685709
95570644
111024172
83938209
505036462
124603286
142986200
7512065
141337429
15587465
488242202
860155
62637518
886320
72398862
350720621
938095
12340820
2530287
531717181
913891
511035712
71828729
76376876
531856461
61428253
9914834
3146149
109517630
3590186
13547746
82257536
134116990
676836
110151936
68582504
71591342
395339542
575053012
565420
71092102
391727202
831350
70411720
44300851
121488468
3087475
78532355
2466262
111052058
62874022
396435202
106980436
71967078
521808322
464228502
92826786
107289040
725965
100064002
134952482
441178802
119060246
121943778
138545997
3103845
977934
3112419
881563
13379040
2307289
61108934
982678
67578121
17615565
676573
115868048
520014912
372618471
141364119
94496046
910533
412537032
13138698
423222642
81836952
706840
124470160
137729345
9438906
907722
74172972
8930156
92722906
79419039
13783453
90822251
70429415
125606530
6590103
533193682
350171311
553056552
4668433
3098841
72047893
94295452
123598554
910074
3158271
131811472
562143172
861317
107691298
95890670
83111394
440115402
390959001
1102966
127674211
376231171
107553540
7332939
3156968
2237709
5404548
120150030
72756752
83111378
362297921
70040377
135440792
940332
66632498
2300165
351594971
13141170
84118679
968866
7239009
133577470
16099818
7442363
69271725
121248370
134948092
12687711
61379569
103052662
107471416
102994210
96456974
377242021
917257
388726451
921154
474980972
450984452
136886978
438891322
415370102
595074062
434591632
15175385
112662288
540512132
71203766
67239341
983258
2953166
4945407
65759926
453612952
3437873
70646044
65445748
136806118
427580912
351594981
2176582
104641006
16501728
70697369
13792621
7145717
134525904
542470712
7812631
2455091
109639606
900835
75212170
142433071
431576582
937330
142749078
419827392
87789157
1582485
58071451
127063153
65732144
127673411
467431402
662113
77273767
44230991
3112414
65297543
86096869
79875060
128605213
538085372
3110394
407475212
124996686
708037
79502286
106506516
3148343
526033182
63135949
13785146
95254394
2659940
13727648
507755552
10245000
3102199
463128872
3154364
1141514
129631882
6461684
91599884
13111704
145433238
2300170
103996098
661914
4274022
134094410
13111370
4087068
72160312
7375556
104337100
4967941
97174954
13165897
3296749
116958864
627683
90416003
13727641
12565421
364957431
2316810
103982152
581751632
376588441
70553168
397141982
144535600
423222562
5471349
362843031
70036200
546130
346434651
114395822
7347092
75610675
14489313
914014
88299355
105270810
440224672
7957517
346789161
541400
417702062
78369449
110146986
132625720
487086422
113366532
71710103
101615319
143169102
432810692
7442357
412568522
346434721
7857290
130484710
6592573
87957607
603953
98544116
99756342
409355982
3088055
140390787
67873528
108711130
482986822
106095102
142986206
491446952
354918011
16474595
66511080
68350105
66190281
357999091
440092662
142413895
2221501
501453742
142342693
89125337
17135109
71830182
5743496
491767152
84310879
541848
366454011
4858208
72398863
2463406
490973512
3152010
97786912
61102747
3120612
65601869
75388169
3590185
567679762
124105990
54519711
127354201
72795470
468264312
14539830
564946592
94635148
6461438
71039605
662103
123607618
378259381
574285
62471660
76395834
132194662
70322141
821913
120674224
83847398
4603411
614330
347376721
409355952
71483067
70553170
528318351
447338272
95148380
1137236
543155302
723876
4588194
885840
124603414
60946207
960638
140295501
13529560
121179318
61644180
2509102
81366296
98248558
546013122
540514412
117581964
91181249
105069592
916414
1125903
2651093
141826535
107623638
66404487
90377699
6822185
505197202
125544656
144572244
13146474
141825865
428974522
414838132
137289408
95938334
412860022
7216938
5438972
671366
60842359
86660057
3599785
7674865
71204267
104488200
549967572
145429556
145520178
347363291
132123626
7256259
82108252
134533240
2174153
970667
413807752
1105721
373989741
5169799
17604619
784314
680660
122379486
490688992
500449142
13470736
71678228
101295588
404284422
66554891
75834066
144545124
71323355
797521
63790891
67231431
378169601
9914535
3158272
73707725
499988812
662589
14405200
64398066
441470842
68884718
7303326
3112700
485124912
786748
530231361
527830361
420780182
3616616
105278286
404685882
6461440
1104578
128965602
4218717
2577157
7442369
100479122
5968808
107406138
126572413
3613837
925106
450922512
55012871
136340728
886443
68591429
2315711
459572022
3087241
77998118
118760328
69686461
126846927
68529043
119967906
126847459
82488708
14250005
3959408
83756376
88173763
141827557
416461342
94195484
2140395
3138832
121588426
422201662
98901640
764920
62624907
137266194
74173049
136806224
104011162
135949710
1172328
367550531
2192087
92962970
90780423
379010021
72371362
97174956
622457832
620692342
7442355
116348608
84791843
598671
15211178
105804300
378743051
133115386
6435665
91121051
107738822
12270398
11746278
416942782
10006346
3913627
13623342
128549709
118404760
3152223
533609342
78562702
92290390
2423416
95343114
143173744
447098092
362632151
10322418
438870902
3140382
63094581
122435364
125544828
6254562
4006895
99556710
541070002
141921707
857985
13131062
82025220
361402961
87518635
385097421
74173050
72171163
107811124
130914062
103035400
3147045
579932622
10161535
959372
357740921
110908332
909969
417673232
549810842
62376290
3158145
70142183
138811483
1162527
428974552
1104656
4634579
773379
83941471
2437594
72160311
100598482
71645436
90563085
76008440
143858022
444261522
7512058
346434731
5420475
925983
97273400
538381872
485709702
558252682
80077244
375437351
576439
6820130
397729422
23407331
4303104
67232347
14935230
61064536
62376286
81309688
124996700
106135678
2760017
456011702
78328510
13529561
382139881
3119027
472992702
67929167
3102134
3361193
16944546
858008
132201188
717358
556903552
385601791
82199332
410092592
354918041
405096832
99261358
387610251
350423741
7332947
112076698
83844536
76495953
60137451
434591582
556305252
446678102
1102756
107295836
127245183
434591622
98133122
4677572
100742776
13982006
376386131
595725
734291
142328215
72421676
346468561
78304477
144572232
599423
489063922
123801688
12000576
98545828
68686013
74173002
124996696
21761771
15531170
13623353
5817089
383301631
83361258
45594361
66756023
443320582
980286
66201352
137209148
44231211
1126603
7718552
500313352
105244530
14629565
112662270
77434144
439484762
27999681
2838140
385849781
95140962
78191564
95963378
968912
2159811
471136652
139470657
71092101
101172696
13160751
12901222
438893622
18348281
533116332
355551341
87543293
88936743
2514691
124996692
366441511
61109754
121595532
900832
121107876
100197450
552660162
380537301
517043022
84709643
392407282
95057442
443022342
411474452
135231940
408868912
62572234
1574666
107606386
15986025
13141229
113366546
4194876
88806553
79587580
71152336
362871201
13839981
404539412
129313094
46237161
103480110
66201356
144544992
4311595
502733382
624995
129580504
97032078
346111251
114477734
142760716
84363321
452891832
916424
132041656
65657484
102746452
3099533
2889763
130009206
387038651
66025577
64848628
428974562
105081000
99261382
67929161
434591592
72160320
92739390
122504364
2686140
104088804
2261953
6075281
67563958
13142706
851046
17135115
382428831
404183122
3117971
53282131
536421132
10287260
2809780
527692211
9836963
90632835
126850781
100067510
122703270
886461
84118673
565208252
600631
123903244
9789955
3168752
623698182
13140706
42187651
136336114
91619828
2577957
355727101
606122062
2511224
428974572
480569842
434610652
550291942
119874158
3087538
74172981
125594878
67929154
354045741
916436
92871274
61364755
16224804
585659852
481416332
94555846
105499628
749095
472189262
108258890
13131908
374051801
5094930
351485531
97206060
14154273
4315317
403535362
2855891
14500375
122440564
402095132
75947120
7180013
69627777
131772420
133733348
82257538
131742260
391346182
576851242
84310891
563375222
3146137
4709317
71512092
79426369
62847143
68414397
663571
2244112
1177951
126866297
104847438
345809851
89330183
3657959
102699736
7303329
429975052
6278729
132635290
104088796
414870102
15605110
71917571
76054605
4290138
132634800
145432004
123807484
120737372
491446932
546578
78282086
71067423
143087120
12206933
470287772
357511361
65788123
1175615
882691
723613
4117058
98286648
447641762
142835538
3128848
472992722
428974642
66274851
2321655
6488043
85576202
2320086
98060384
72787795
78367490
553122012
13797108
13100333
126587209
82410910
103668020
64607963
4118961
128949480
77369732
90248141
131740862
93029240
17840805
374051471
75610732
17614655
14685978
82257932
142477297
83111382
73617328
4274021
69962764
399084092
142748736
92141092
432936002
73707710
2158295
414367102
676960
139874527
3156760
378343181
417044742
145429546
347385721
134781036
616158
75502844
380536131
2483915
69791407
6461682
425676062
422283402
142433073
77410187
628099
425600022
561836
1161679
13816480
823129
355740831
1865496
68308136
423222622
111777910
134033922
113418522
122439642
84495863
61108938
356779431
137818639
99358978
70646033
5169978
510244282
74401451
118986142
97933350
6580746
613138092
13547842
13727645
92872160
388889681
72047746
18093342
65101692
105878272
398292762
104609622
72371363
84840917
3098838
69419038
917717
1174769
125971251
515558682
72370373
2795616
40889811
13129211
69941965
5183420
504533192
882290
79083410
124092592
660828
113876568
4307640
344981371
474275092
12804089
80274516
13470741
4116950
2525861
632473
2530164
553229
507755562
404667812
116348626
555640
61424042
136336118
401358872
413468802
82257956
384010871
61379429
76500485
473784012
536979
108570738
78475884
3657964
7800371
116866548
112314068
10202479
105389132
13132395
910693
92720046
424150682
408868862
98253574
498643192
104488188
92425554
71828724
3819055
131343028
3960801
72421671
365114321
10199904
76575944
725715
14884054
417767182
421491932
70775760
78213551
1147560
403730582
979041
1109730
686786
142337477
908950
106746752
3104486
375660351
496322122
489727112
521633612
603946
3130368
79587594
63480992
6318887
363592311
462849482
2309900
109169054
66023714
7674864
365851551
2949679
7267623
348386281
962206
75801787
128100397
963085
437212402
75711295
619310
31038601
6904555
87115981
78366255
130081908
120307222
435031622
119936628
3103783
821640
505629502
7332940
109562018
116496890
2121813
2794600
394000142
62220861
534726
127673043
677232
916339
366297281
3088609
583177742
351595631
141433451
75502846
68016602
1109743
10287071
142749606
74393203
353468481
104074454
81211196
67231606
393832822
120811676
142175869
344681991
139873275
92871300
107878888
79590714
116866564
68977834
75804495
106462210
1115801
89739391
15489383
357727311
380390881
531907551
452224802
116866552
13133232
120024178
605833062
15189606
138546003
467652492
14539386
79587582
67503797
353582831
2437331
11217163
124713688
15586213
436954192
511431462
142405449
86876435
422208712
551910242
3133740
6461434
343985581
366441491
145017214
7667059
87395581
137728875
118190296
71039599
4315311
405573712
543575302
385049431
145524532
680554
680601
477452252
75814726
17135110
14248935
2375108
3582120
385863761
84310875
2547246
130778850
85909191
71137166
17608376
87371673
13146819
518458092
7667062
83083294
474590642
68853653
92302674
428974682
550180792
72420915
83837260
565423972
128548331
94363796
44230981
17972743
2321662
8011853
68963782
72059773
13138782
394716712
4969003
1141674
142337683
371182241
441821132
140344355
9849814
84268165
142337023
44337921
136340746
562230952
69071715
113418498
78213530
13978270
73682285
62843581
61109750
142986222
60784398
462946902
134524340
62843568
124996706
145014606
10307853
112662378
121126246
602456552
73696391
95854708
14172387
369547691
142835512
94727036
56893391
470815612
416566272
546255352
141839605
4220306
106904462
943376
414902832
13789085
105354074
7414416
4007095
428974652
87767973
37604781
13785144
14268027
2547730
4311594
404508522
14211526
560951852
916427
1105425
112662370
76543368
97786914
5425042
534462
7245915
70697366
428974532
626503
1125901
61002681
131744724
18232117
434591552
724039
417335732
500084792
39544651
408868932
142337027
368529081
3060679
369397961
778429
103671810
72160313
62166912
84791745
4619462
8159483
423222602
607985
680516
3611374
548342
624575
136340736
78527796
482986792
3092167
13529565
81918118
98792382
