513166232
2514677
2171504
103051054
92818850
3614665
600886
67563950
124433692
72363411
124262674
61110499
98684990
72004951
534466
72795483
122447460
535204
76520669
552383
62029179
459990712
71247303
12801783
723836
64402469
5316989
375157651
562764402
75057000
664444
78545628
70335406
121258078
90408875
67858680
67549267
520827452
1015879
908426
80449442
134524258
32118901
66480897
962260
64680912
71253927
7239014
3152093
62847150
133577580
3167612
131218566
3130319
679217
72363285
3089235
13792624
61142295
395273652
12452085
61108933
61108929
403074632
492501822
71078033
90408887
408755442
7340163
72372685
5363024
130852382
78713335
17191428
632493
130427848
885842
664456
83936989
68513610
937332
435175532
453492732
358658191
61644195
69122686
110230842
5617992
95662840
13138714
104867440
6048740
2889780
582260512
74077847
910223
3130304
84669149
76384676
76411968
98833998
137727021
6113105
7193834
67795284
3129413
994529
420269112
435175482
16131067
14464631
558982
62290954
66314771
592368992
440823782
116348212
2525866
2464635
4619463
68414697
38290571
2438249
3169698
72420916
15177998
145236188
367727711
391439172
488046542
365150181
3616531
17347963
427253662
66644179
61102353
73135389
481930432
80108824
2319631
127674133
63790890
473751692
2114403
130113905
371981391
765436
3152105
4077573
73972218
450100912
103117160
77897436
137441372
419827572
435175552
1142341
144451092
445790512
85568196
83841460
84864447
1277771
81763038
74904931
429975032
13483750
4668437
954806
1161005
3971812
1157471
629466
60842360
1015329
4732798
93102382
13842047
1141168
441818902
136802580
600153
75716617
76542233
1178340
549918
627355
4227704
17616174
1039986
89310463
2192091
1178331
4311596
15165360
1579265
117692656
129050268
3129748
2525862
136408148
669799
136335986
144544762
68511564
136887798
424567602
78588920
87667843
17561482
1155108
505204262
79283107
6310384
91340992
73981765
76543391
7512057
371373571
664515
17347967
11210435
61308198
96461846
451825062
62166933
526565612
785938
5664754
144526090
86039919
513579862
144388562
114811604
8164649
698260
3134018
371593451
11011566
1105823
2423924
76671616
106062116
2043943
4762041
906609
81771792
371903741
1123889
78282093
81656684
70584821
89458301
71519857
3978446
61110497
2263033
510287882
135369728
65445466
78129603
661228
7718385
354841821
95963370
4311268
7633689
141822951
7146297
88375989
4733114
81364086
6435664
545099342
459351522
3155471
498218402
142986214
446443212
15640860
89844261
9997018
630701
3137509
70322132
1167710
1016290
136335984
120308032
97327614
561894112
435175512
2312047
137726957
398093262
16295505
124659382
65313430
365175131
132807412
54420921
910079
86400917
79665674
16235816
69879249
46226521
79665676
70054724
93820358
5250944
15613379
78527795
3153876
72132348
441178832
132635408
79875054
107955594
461704132
479801712
137281944
117303522
3099009
8146963
60437461
4640032
90393105
980198
425012712
16401956
2221574
17422308
11390027
4603407
3590194
61424047
111780390
61427205
4195714
561863332
4315684
12159134
351553511
3137332
104952384
1175626
561856952
80561460
76489524
13832970
13020453
2654326
44210501
99405204
3134036
68437773
15177424
3437883
62082829
7617199
53825251
886458
411474522
3886236
130861814
14525086
125539730
13470738
106301610
106823334
2288465
426703682
3589474
75819429
90248127
64413032
4603399
132560802
13651729
128877086
490680972
349385251
109701588
9808783
135373112
67238735
119048232
6229285
3257867
92141136
3028628
353615271
398055742
75814713
114811560
8141687
143270520
72299954
410349072
134212670
393896592
71836457
5404570
35407931
71646216
922138
360301951
126368207
142335443
77897440
128458659
66283081
14383880
788457
75570431
75557230
85734130
136101176
13651717
116348656
3117931
3122252
64039357
73517664
83059274
63015917
17615563
13128705
366467431
2674458
2847450
705509
71967076
68927362
676847
2114399
1108061
1135874
140295627
7675615
10162588
2659988
