469261002
105025158
3579013
70506864
65759926
15139378
414838232
4286051
70266757
100421358
373045631
64971011
464419652
126376117
425012712
123903244
2423901
126884459
133661814
78442646
616700
13975779
129011934
887238
119465388
81260704
136338624
3402413
62847142
99976954
118986142
90213409
71645436
916427
1579265
2271566
1112991
376231171
74494858
71294452
381810741
554973692
100722468
134711946
7674864
80274650
124600916
910908
555913082
10235995
125244224
547833052
139904165
116348464
117797206
354918041
106061602
3256016
472992652
55015211
99554668
105286430
100886098
2319638
363834871
44231031
133102484
534741652
4588209
60200381
91934728
62070477
137726975
534628
137726987
76520669
427608382
3028064
1043879
124262680
391727202
17608742
5351361
5092738
77369729
72160314
534730
451254022
1015879
74173048
467988082
365067
409166172
554446
2247835
5094040
367550531
106506522
411556032
4311272
417195062
127247963
632025
1043894
79965994
373063001
548348632
145501442
92198180
369547691
104226826
144940636
89106409
62847144
3090875
597166
128948012
79419029
79590714
74494863
116866554
1109730
3129408
143887244
63884541
7706014
16607977
99976960
1195496
136864898
143171642
2420463
393477332
106506516
17615564
109843102
72823271
6461440
402131232
15781392
144572216
3117895
68016602
100251364
1024973
76520904
457086912
925111
558528302
103804276
128947092
421630942
365344
79319969
69533953
378806591
797434
109169062
15546831
15781397
101660347
3616306
355724441
135372064
4733113
483320042
413468802
558252682
5425214
2298447
13140214
14500184
460570702
550102
124237488
