15512634
107406944
82265248
67239346
14874847
3501492
117280652
99601784
526114512
89381103
627656
137258696
5093918
14927135
9812706
62895463
142080253
2256552
62724016
14932632
88629099
389971631
70522876
67234546
1178343
119873054
786812
373696031
2527509
417358452
144928012
3432590
1130916
79419039
112657994
66554891
429978202
121593424
127573781
70114342
393832822
9809714
6071028
68075503
1125766
365170621
4833729
455564302
5481804
452690772
72308118
121448104
80180414
93058850
13138700
121066380
132631314
6520862
363418191
144746056
104417964
724496
3824715
34041911
99105104
452731732
60747032
127755527
72569705
63460778
14886579
144551866
452743822
62856124
85125098
125777841
352178261
72793838
63441317
89868689
137666255
109700124
11065265
4255595
69390338
709851
129632532
66634501
67954061
79110655
14211504
497152162
89413451
4694985
145429540
68854195
77349248
65404129
60974869
362777141
62987577
84914687
77913387
685692
72567468
962886
3092173
77769833
72379661
95148380
14881885
126379109
3102138
106322660
72273835
65938279
370343521
130604714
17937549
70258361
85404694
14565263
16650332
1643321
883641
70428569
101045270
587382
77806694
13655153
67692415
126587209
38375101
27542571
13141445
8110299
143171766
139100455
626144
101344418
11842186
75502847
92281744
390071071
122570632
106461564
74728998
60703394
96461828
3110394
14697946
1574364
16696240
10743006
490589082
74672952
35960221
7035326
24378161
141939589
74165068
5422288
7675332
113412966
1030191
3083368
1254117
78313134
866181
426627342
831328
421788662
3843299
123175152
412546172
7854284
18083987
483073592
139632381
5341213
6297757
70043110
65723693
7068281
414880722
16328411
1041554
880921
145429544
12206948
130921816
145292386
3905067
6154091
362297841
4694989
2961309
97570740
13034338
101326464
13247121
15413275
135386042
13393735
135875052
1654105
894670
131228028
3584148
97328542
144863074
142378777
17868552
91935088
8079553
124220534
69001464
14835140
67041055
104011168
61685631
73367259
2244678
7677886
76438207
38290601
70553168
397372162
142832896
84307301
106095102
101819685
4611865
74466621
4709948
121930272
66881687
17608731
8081939
78479500
132739700
921716
3658059
17681727
118195184
3102239
66027709
115823710
78017002
90619411
88901389
105241792
6188231
911496
373232081
7794032
520031902
563085372
490905002
397746652
3134753
61064530
80870190
914227
468513342
97206068
78048161
110959122
619301
5104843
17347976
99689648
4209632
43865241
605957
136580482
6172828
70386458
75881044
92598462
420364332
13705276
93542010
61291690
448298502
4253561
885970
810887
88910905
62126191
135203382
70322133
4122547
61081199
6658617
459567532
61003291
410024352
2905439
3957957
93954200
145167714
15079068
127365547
13179711
3164587
143987374
548348692
548348612
122703270
73741841
397112282
17599255
361116541
429126612
143158370
12984922
619310
7332593
6426473
3825405
3235759
364915271
130468788
57835591
62439051
418453692
79319395
137814239
79543148
13073037
118566832
129219996
344874501
66770160
76295709
16433498
121926628
36055581
571902532
132081122
13188546
79196523
89300821
4118804
12460642
140896137
603946
7653825
13549396
58775241
96507496
3075239
84860189
70833748
449431872
596497
80601154
2457786
78726427
4519828
76106069
3119126
619949882
624991
2440659
2577965
6297562
71705491
101326476
120923634
1344906
61723664
2221577
17206591
963042
8164641
1121086
1125758
384002311
876578
100889634
103311648
99141964
2530867
863160
2950438
17199960
66536668
393898842
420852102
3125361
381335931
73218723
1167445
909565
541847
2554333
103607690
62166934
7080799
144385460
3156794
126618649
126911399
7706008
62754677
2508513
13789090
125536790
526489072
103306138
15567515
2435238
15455604
144450486
581077
141428023
506372052
3850928
84791527
13486799
118183958
115034744
71178847
141105803
68936299
61424043
103870122
122437600
118165006
392524842
14405233
130855270
13415837
7072781
2813984
75931700
13214027
76395835
426839232
3582982
88181759
505535732
3154476
78037448
67606710
1015329
528346221
3109247
63459654
4773177
141253743
92829000
60222371
15051385
4677572
1277784
106258848
400299382
548348732
3101958
14477354
69238315
140197629
89860895
79764924
7261371
17417612
136337000
720737
144572666
98631258
113989362
117344836
6105935
130892970
10237163
534777
3921391
88485739
86312577
144538350
61723115
3599788
935735
10178944
352141491
69755315
64527954
588057
2412065
16122907
74904931
132044704
71750271
13529563
71675345
3355753
91400152
12791218
1179360
136887774
61239665
86101339
582463672
66445183
65445461
17604912
141344347
137200802
105426372
129636210
144837934
1118078
86453301
5404441
91045413
61376646
84624683
423791892
99507918
134954102
475164252
13946301
72924129
106921698
403152472
2514780
11918597
365936851
373952531
133944334
94220260
39404951
66793924
73460560
967040
88028627
74206335
6705628
854553
4253146
370961081
1565238
77100054
4762943
14574292
75526536
89844261
81263834
64681375
10127460
439645132
13158111
9976742
16756193
137234110
77235387
13040252
907756
68335741
4520162
266779
92213550
66672830
3732049
6079815
137215072
16215869
12565432
79244257
365103691
98532634
997766
469254722
75920550
6953244
4013664
60977518
63534315
13975814
88767069
105296612
2318548
345114441
76579965
6524059
2288464
105804664
142225805
93669524
92141132
3980369
353094641
78492089
61685556
600156
67794221
90780407
16652807
411983792
10178913
38776761
140339621
93329748
67563957
128993404
143606456
69975637
13483750
351510251
35748521
61376319
5404585
87005795
13464245
984565
72370905
70697285
69552387
13162036
477166342
77843358
1167442
64965805
62664205
35760991
911356
134946506
68046665
69200844
117311860
443082632
490962162
65436751
14211041
1287248
75805331
572770982
112300304
85372178
524156872
90807745
399299822
3135334
13839981
132197508
411884852
15554229
3155221
96454554
95057478
3130552
98975372
513137322
11217020
414795752
409961942
108216318
6295898
17635819
1178331
7494957
17439684
68878305
71091143
2839220
45076071
3957964
968798
139424067
427553572
524029352
