68921951
3168752
2440600
71636432
3100896
1095830
76430188
105356142
135980080
135065484
78631539
4845594
113424656
76263948
10279834
17199784
3613560
410105882
801847
446734962
96316288
881553
419482282
131998704
568108
74946300
100816100
539314222
1125954
9976743
4007318
92818796
118184426
97786992
389706151
581222412
1099273
94065960
97342714
144384924
126449997
122703248
125288670
2525873
143183428
3583337
76396251
68861114
139874829
599991
13939962
133639118
613511522
5094200
81940968
555652892
142748748
78010863
112264768
7198180
123788274
140907571
62290966
3403716
72924236
13131048
136338506
421262322
2712475
983996
73772058
108570738
68944612
2553807
90428589
90250557
81072046
124550864
57879981
110549638
15108127
73946283
13165748
66499470
1171077
78269286
69018826
15593569
598081672
88848003
128993090
125333404
12754294
4225613
508351842
69874202
424997312
72375741
96423474
70331833
3588702
105355292
1165845
72344493
72393751
13304453
3099009
94096286
70089141
416139982
599964842
983847
73556406
99554794
144944854
959908
90823183
89961351
4134359
68120647
70206830
62571184
4670271
131186474
101739425
4733215
99127346
129700250
13791930
17479809
345377621
7179764
100484726
142337691
510010782
384173011
62376286
4287265
