674162
513166232
2514677
2171504
921705
2238145
62165390
105499630
103051054
92818850
3614665
1169676
67563950
609244
124433692
910210
674958
72363411
98920058
102558108
365331381
124262674
3829138
97973156
95973024
98684990
111779242
72004951
118996424
72189644
625672
122447460
8081451
535204
76520669
71204339
552383
62029179
38250081
426047942
553753532
459990712
91543348
71247303
416053412
425454122
137726985
723836
64402469
5316989
375157651
20427841
562764402
938553
75057000
664444
6461427
2160741
90250621
78545628
83231546
546875602
74461790
78956229
7084605
70335406
121258078
78239738
90408875
139874035
100598486
131816172
67858680
3097538
15595805
138546007
14145916
520827452
1015879
908426
119437608
80449442
134524258
2185679
32118901
475164342
582252
14872147
120739020
514438482
142844852
424592982
5404535
64680912
13982001
347279701
71253927
7239014
3152093
484090122
536485
121239416
74173036
548673
62847150
128743099
70331833
3167612
131218566
78498693
5093617
74126483
3130319
423222672
13149611
74173008
679217
72363285
3119029
13724926
28852761
3089235
42535201
831351
88252935
128947092
142750884
382267071
3017009
57835371
60977514
98701780
13792624
423222592
61142295
3243684
568846222
12452085
450365102
116348614
408771142
129634904
7372871
112662184
106005410
390213151
61108933
907753
7978738
61108929
89128471
133103978
103050472
519797812
423049832
347557071
492501822
1138247
71078033
133165912
90408887
408755442
7340163
72372685
4311272
13529563
423222552
5363024
7332942
83111374
130852382
78713335
17191428
62220854
132123602
632493
130427848
118587270
414838212
72823069
483320042
74457141
520827442
66404563
664456
877407
2221577
68513610
124603276
937332
1016279
3976599
95968844
2441438
93525938
784325
71090280
3658608
92872170
3102238
3151400
358658191
61644195
69122686
110230842
1123670
3140136
5617992
459988582
69927108
97342134
14629001
14464633
104867440
6048740
2889780
95570644
582260512
910223
142986200
12340820
913891
3130304
84669149
9914834
3146149
109517630
3590186
13547746
76384676
76411968
98833998
134116990
676836
137727021
68582504
395339542
575053012
6113105
7193834
67795284
3129413
71092102
420269112
435175482
44300851
3087475
16131067
14464631
111052058
558982
106980436
71967078
62290954
521808322
725965
66314771
441178802
592368992
138545997
3103845
881563
13379040
61108934
982678
17615565
676573
116348212
2525866
372618471
141364119
2464635
910533
13138698
81836952
706840
4619463
68414697
9438906
907722
8930156
92722906
13783453
4668433
72420916
123598554
910074
131811472
95890670
367727711
391439172
488046542
365150181
1102966
3616531
17347963
427253662
7332939
3156968
66644179
5404548
83111378
940332
61102353
73135389
481930432
80108824
7239009
2319631
7442363
103052662
107471416
102994210
917257
127674133
415370102
434591632
15175385
112662288
473751692
2114403
540512132
130113905
983258
4945407
3152105
65759926
453612952
3437873
4077573
2176582
70697369
7812631
103117160
900835
937330
142749078
77897436
137441372
419827572
87789157
435175552
127063153
445790512
65732144
85568196
79875060
128605213
83841460
708037
106506516
526033182
63135949
95254394
2659940
84864447
10245000
1141514
129631882
13111704
13111370
81763038
4967941
74904931
97174954
13165897
13483750
3296749
954806
1161005
627683
3971812
1157471
13727641
12565421
629466
581751632
60842360
1015329
4732798
70553168
397141982
144535600
423222562
362843031
13842047
114395822
1141168
914014
105270810
440224672
136802580
600153
75716617
76542233
101615319
412568522
1178340
603953
3088055
140390787
354918011
66511080
549918
142413895
4227704
89125337
5743496
17616174
84310879
4858208
72398863
2463406
3120612
75388169
1039986
89310463
2192091
14539830
1178331
4311596
15165360
71039605
1579265
378259381
574285
117692656
132194662
70322141
120674224
3129748
2525862
136408148
4603411
136335986
614330
347376721
144544762
68511564
70553170
447338272
136887798
1137236
424567602
543155302
723876
4588194
885840
78588920
960638
13529560
87667843
61644180
2509102
81366296
17561482
117581964
66404487
90377699
6822185
505197202
1155108
144572244
13146474
428974522
7216938
5438972
60842359
7674865
71204267
505204262
104488200
347363291
79283107
784314
6310384
91340992
73981765
101295588
404284422
66554891
76543391
144545124
71323355
797521
9914535
3158272
73707725
14405200
441470842
68884718
664515
17347967
485124912
786748
11210435
420780182
96461846
451825062
100479122
5968808
126572413
3613837
62166933
526565612
3087241
785938
69686461
119967906
14250005
3959408
141827557
416461342
121588426
764920
74173049
136806224
104011162
86039919
135949710
1172328
513579862
2192087
144388562
92962970
379010021
72371362
97174956
114811604
8164649
598671
15211178
698260
133115386
6435665
91121051
11746278
10006346
3134018
118404760
533609342
78562702
371593451
122435364
11011566
1105823
6254562
4006895
2423924
76671616
857985
106062116
87518635
74173050
72171163
130914062
959372
357740921
549810842
1162527
773379
2437594
100598482
76008440
7512058
346434731
97273400
538381872
485709702
558252682
375437351
576439
23407331
4303104
906609
81771792
81309688
106135678
456011702
371903741
382139881
3119027
67929167
3102134
3361193
858008
78282093
556903552
81656684
82199332
410092592
405096832
70584821
89458301
7332947
112076698
60137451
1102756
71519857
3978446
127245183
434591622
98133122
61110497
13982006
376386131
734291
142328215
72421676
144572232
599423
489063922
123801688
12000576
510287882
68686013
74173002
21761771
15531170
135369728
65445466
66201352
137209148
78129603
14629565
661228
7718385
2838140
354841821
95140962
968912
2159811
139470657
13160751
438893622
4311268
7633689
141822951
355551341
88936743
7146297
2514691
366441511
900832
121107876
380537301
392407282
88375989
443022342
4733114
411474452
408868912
81364086
6435664
62572234
107606386
459351522
15986025
13141229
3155471
113366546
4194876
498218402
142986214
446443212
15640860
89844261
13839981
129313094
103480110
630701
66201356
70322132
129580504
1167710
142760716
84363321
132041656
3099533
387038651
64848628
1016290
2686140
6075281
67563958
13142706
851046
382428831
136335984
404183122
536421132
2809780
9836963
97327614
561894112
435175512
2312047
90632835
126850781
137726957
9789955
3168752
398093262
16295505
42187651
136336114
65313430
365175131
2511224
132807412
480569842
54420921
550291942
74172981
910079
61364755
749095
4315317
14500375
16235816
122440564
69627777
69879249
46226521
82257538
70054724
576851242
4709317
93820358
68414397
5250944
15613379
104847438
345809851
102699736
7303329
6278729
104088796
15605110
71917571
4290138
132634800
120737372
3153876
491446932
143087120
72132348
65788123
1175615
441178832
723613
132635408
428974642
461704132
2321655
6488043
2320086
479801712
137281944
117303522
13797108
64607963
77369732
131740862
93029240
3099009
8146963
60437461
142477297
73617328
4640032
980198
73707710
2158295
378343181
425012712
417044742
16401956
2221574
17422308
134781036
75502844
2483915
69791407
11390027
4603407
628099
425600022
3590194
61424047
111780390
61427205
423222622
111777910
134033922
4195714
122439642
84495863
356779431
99358978
5169978
4315684
12159134
6580746
351553511
13547842
13727645
3137332
105878272
398292762
104952384
3098838
917717
1175626
1174769
72370373
40889811
561856952
13129211
5183420
80561460
80274516
4116950
2525861
76489524
13020453
116348626
2654326
44210501
555640
401358872
413468802
99405204
76500485
536979
3134036
3657964
68437773
15177424
7800371
62082829
910693
92720046
408868862
98253574
104488188
53825251
71828724
3819055
131343028
10199904
886458
417767182
70775760
411474522
78213551
1147560
403730582
3886236
1109730
686786
142337477
106746752
3104486
375660351
130861814
3130368
79587594
109169054
66023714
125539730
13470738
7674864
365851551
106301610
348386281
962206
75801787
106823334
437212402
75711295
619310
6904555
2288465
435031622
119936628
426703682
2121813
62220861
75819429
677232
916339
3088609
583177742
90248127
75502846
10287071
64413032
81211196
4603399
132560802
344681991
128877086
490680972
79590714
109701588
9808783
135373112
106462210
89739391
380390881
13133232
6229285
3257867
92141136
467652492
3028628
67503797
353582831
353615271
2437331
15586213
436954192
511431462
8141687
3133740
343985581
366441491
145017214
143270520
405573712
680554
410349072
75814726
14248935
3582120
2547246
85909191
393896592
5404570
35407931
71646216
87371673
68853653
922138
428974682
72420915
360301951
126368207
565423972
142335443
77897440
94363796
2321662
8011853
13138782
4969003
142337683
66283081
14383880
788457
9849814
75570431
75557230
78213530
85734130
13978270
73682285
136101176
13651717
116348656
124996706
3117931
73696391
3122252
64039357
369547691
73517664
83059274
63015917
17615563
414902832
7414416
4007095
13128705
2674458
2547730
4311594
404508522
2847450
14211526
705509
1105425
112662370
76543368
534462
7245915
68927362
626503
1125901
61002681
676847
18232117
434591552
724039
39544651
142337027
368529081
2114399
1108061
1135874
62166912
84791745
140295627
7675615
10162588
8159483
423222602
607985
548342
136340736
78527796
2659988
3092167
