375689861
137148948
92871290
482990352
125544704
78256685
2527119
358658271
140869465
1124454
92302672
600886
62376331
13141306
15050452
13130861
95663070
521006522
925108
397729562
979002
105413210
13975778
1142841
61110499
369742581
401863772
623509
434483922
620156032
534466
72795483
94568700
491446942
120739000
581222272
1126602
84791837
142986212
12801783
600346
498525792
2420477
72160314
6461430
887239
78640457
4670273
82410872
67503792
74173044
75072823
428974662
2534219
143139520
538098232
141232715
4946882
10263652
77380170
703748
99925946
390514771
916496
129568028
54005201
11747945
99976954
134030308
385563181
7868647
361648681
7675129
416188882
67549267
142433087
78305691
2172900
435175522
68046778
141160823
487043492
86453923
56299541
126215751
91543350
95964488
66480897
60765631
962260
144293068
2325001
2548870
7553676
10263650
969356
56893381
127247963
78527800
347380981
63094580
133577580
102877932
422039882
81211246
553234
953097
376989861
5542996
7868648
133579420
366449191
371988521
6082070
94753848
536481
143172578
91092625
390415301
346434681
380536201
112311784
395273652
607697962
4952885
362725351
2234314
13160058
397764942
66710351
2534222
13651715
71630478
15489385
386539901
403074632
72398864
451648352
135870546
41293091
994974
348291221
124062456
1112991
103214992
391690332
1165952
103117164
439484722
86016227
78977848
6297745
104936008
417653842
134966720
377718131
79895460
57630641
414682862
885842
134945410
134012980
4588210
13783451
834370
71137159
83936989
71830181
83770248
4310808
99960006
71483074
6710643
2315171
72421684
7561784
106997288
69008599
435175532
453492732
463936612
832775
407250752
73370745
105070128
105069590
67929160
81836128
482986862
2497140
1121641
526633952
3071256
68046772
82410902
399023232
118587622
95662840
79349485
503122802
13138714
118073272
925399
106636048
685709
111024172
83938209
74077847
505036462
124603286
7512065
141337429
15587465
488242202
860155
62637518
886320
72398862
350720621
938095
2530287
531717181
511035712
71828729
76376876
531856461
61428253
82257536
110151936
71591342
565420
391727202
831350
70411720
994529
121488468
78532355
2466262
62874022
396435202
464228502
92826786
107289040
100064002
134952482
119060246
121943778
977934
3112419
2307289
440823782
67578121
115868048
520014912
94496046
412537032
423222642
38290571
124470160
2438249
137729345
74172972
79419039
90822251
70429415
125606530
6590103
3169698
533193682
350171311
553056552
3098841
72047893
94295452
3158271
562143172
861317
15177998
107691298
145236188
83111394
440115402
390959001
127674211
376231171
107553540
2237709
120150030
72756752
362297921
70040377
135440792
66632498
2300165
351594971
13141170
84118679
968866
133577470
16099818
69271725
121248370
134948092
12687711
61379569
96456974
377242021
388726451
921154
474980972
450984452
136886978
438891322
63790890
595074062
71203766
67239341
2953166
371981391
765436
70646044
65445748
136806118
427580912
351594981
104641006
16501728
13792621
73972218
7145717
134525904
450100912
542470712
2455091
109639606
75212170
142433071
431576582
419827392
1582485
58071451
1142341
144451092
127673411
467431402
662113
77273767
44230991
3112414
65297543
86096869
538085372
3110394
407475212
124996686
79502286
3148343
13785146
13727648
507755552
3102199
463128872
3154364
1277771
6461684
91599884
145433238
2300170
103996098
661914
4274022
134094410
4087068
72160312
7375556
104337100
429975032
4668437
116958864
90416003
364957431
2316810
103982152
376588441
5471349
93102382
70036200
546130
346434651
7347092
75610675
14489313
88299355
441818902
7957517
346789161
541400
417702062
78369449
110146986
132625720
487086422
113366532
71710103
143169102
432810692
7442357
346434721
7857290
130484710
6592573
87957607
98544116
99756342
409355982
67873528
108711130
482986822
106095102
142986206
491446952
16474595
68350105
66190281
627355
357999091
440092662
2221501
501453742
142342693
17135109
71830182
491767152
541848
366454011
490973512
3152010
97786912
61102747
65601869
3590185
567679762
124105990
54519711
127354201
72795470
468264312
564946592
94635148
6461438
662103
123607618
62471660
76395834
821913
129050268
83847398
669799
409355952
71483067
528318351
95148380
124603414
60946207
140295501
121179318
98248558
546013122
540514412
91181249
105069592
916414
1125903
2651093
141826535
107623638
125544656
141825865
414838132
137289408
95938334
412860022
671366
86660057
3599785
549967572
145429556
145520178
132123626
7256259
82108252
134533240
2174153
970667
413807752
1105721
373989741
5169799
17604619
680660
122379486
490688992
500449142
13470736
71678228
7512057
75834066
63790891
67231431
378169601
499988812
371373571
662589
64398066
7303326
3112700
530231361
527830361
61308198
3616616
105278286
404685882
6461440
1104578
128965602
4218717
2577157
7442369
107406138
925106
450922512
55012871
136340728
886443
68591429
2315711
459572022
77998118
118760328
126846927
68529043
126847459
82488708
5664754
83756376
88173763
94195484
2140395
3138832
422201662
98901640
62624907
137266194
144526090
367550531
90780423
622457832
620692342
7442355
116348608
84791843
105804300
378743051
107738822
12270398
416942782
3913627
13623342
128549709
3152223
92290390
2423416
95343114
143173744
447098092
362632151
10322418
438870902
3140382
63094581
125544828
99556710
541070002
141921707
13131062
82025220
361402961
385097421
107811124
2043943
103035400
3147045
579932622
10161535
110908332
909969
417673232
62376290
3158145
4762041
70142183
138811483
428974552
1104656
4634579
83941471
72160311
71645436
90563085
143858022
444261522
5420475
925983
80077244
6820130
397729422
67232347
14935230
61064536
62376286
124996700
2760017
78328510
13529561
472992702
16944546
1123889
132201188
717358
385601791
354918041
99261358
387610251
350423741
83844536
76495953
434591582
556305252
446678102
107295836
4677572
100742776
595725
2263033
346468561
78304477
98545828
124996696
13623353
5817089
383301631
83361258
45594361
66756023
443320582
980286
44231211
1126603
7718552
500313352
105244530
112662270
77434144
439484762
27999681
385849781
78191564
95963378
95963370
471136652
71092101
101172696
12901222
18348281
533116332
87543293
124996692
61109754
121595532
100197450
552660162
517043022
84709643
95057442
135231940
545099342
1574666
88806553
79587580
71152336
362871201
9997018
404539412
46237161
3137509
144544992
4311595
502733382
624995
97032078
346111251
114477734
452891832
916424
65657484
102746452
2889763
130009206
66025577
428974562
105081000
99261382
67929161
434591592
72160320
92739390
122504364
104088804
2261953
17135115
120308032
3117971
53282131
10287260
527692211
100067510
122703270
886461
84118673
565208252
600631
123903244
623698182
13140706
124659382
91619828
2577957
355727101
606122062
428974572
434610652
119874158
3087538
125594878
67929154
354045741
916436
92871274
16224804
585659852
481416332
94555846
105499628
86400917
472189262
108258890
13131908
374051801
5094930
351485531
79665674
97206060
14154273
403535362
2855891
402095132
75947120
7180013
131772420
79665676
133733348
131742260
391346182
84310891
563375222
3146137
71512092
79426369
62847143
663571
2244112
1177951
126866297
89330183
3657959
429975052
132635290
414870102
76054605
145432004
123807484
78527795
546578
78282086
71067423
12206933
470287772
357511361
882691
4117058
79875054
98286648
447641762
142835538
107955594
3128848
472992722
66274851
85576202
98060384
72787795
78367490
553122012
13100333
126587209
82410910
103668020
4118961
128949480
90248141
17840805
374051471
75610732
17614655
14685978
82257932
83111382
4274021
69962764
399084092
142748736
92141092
90393105
432936002
414367102
676960
139874527
3156760
145429546
347385721
616158
380536131
6461682
425676062
422283402
142433073
77410187
561836
1161679
13816480
823129
355740831
1865496
68308136
113418522
561863332
61108938
137818639
70646033
510244282
74401451
118986142
97933350
613138092
92872160
388889681
72047746
18093342
65101692
104609622
72371363
84840917
69419038
125971251
515558682
2795616
69941965
504533192
882290
79083410
124092592
660828
113876568
4307640
344981371
474275092
12804089
13470741
632473
2530164
553229
13832970
507755562
404667812
61424042
136336118
82257956
384010871
61379429
473784012
108570738
78475884
3437883
116866548
112314068
7617199
10202479
105389132
13132395
424150682
498643192
92425554
3960801
72421671
365114321
76575944
725715
14884054
421491932
979041
908950
496322122
489727112
521633612
603946
63480992
6318887
14525086
363592311
462849482
2309900
2949679
7267623
128100397
963085
31038601
87115981
78366255
130081908
120307222
3103783
821640
505629502
7332940
109562018
116496890
2794600
3589474
394000142
534726
127673043
366297281
351595631
141433451
68016602
1109743
142749606
74393203
353468481
104074454
67231606
13651729
393832822
120811676
142175869
139873275
92871300
349385251
107878888
116866564
68977834
75804495
1115801
67238735
119048232
15489383
357727311
531907551
452224802
116866552
120024178
605833062
15189606
138546003
14539386
79587582
398055742
11217163
124713688
75814713
142405449
114811560
86876435
422208712
551910242
6461434
7667059
87395581
137728875
118190296
71039599
4315311
543575302
385049431
145524532
72299954
680601
477452252
17135110
2375108
385863761
134212670
84310875
130778850
71137166
71836457
17608376
13146819
518458092
7667062
83083294
474590642
92302674
550180792
83837260
128548331
44230981
17972743
68963782
128458659
72059773
394716712
1141674
371182241
441821132
140344355
84268165
142337023
44337921
136340746
562230952
69071715
113418498
62843581
61109750
142986222
60784398
462946902
134524340
62843568
145014606
10307853
112662378
121126246
602456552
95854708
14172387
142835512
94727036
56893391
470815612
416566272
546255352
141839605
4220306
106904462
943376
13789085
105354074
428974652
87767973
37604781
13785144
14268027
366467431
560951852
916427
97786914
71967076
5425042
70697366
428974532
131744724
417335732
500084792
408868932
3060679
369397961
778429
103671810
72160313
4619462
680516
3611374
624575
482986792
13529565
81918118
98792382
