422496492
3095889
69404591
78026031
621314432
483916652
18160880
130413568
126024787
90563043
62033180
5135673
128631421
92435524
7429129
358920131
13622560
2503284
7868799
7279263
79426375
76438219
592400102
60747032
4274592
7625144
415312582
95619758
3766761
77708477
142835510
34946351
361484231
15723569
89355729
3842081
472992632
137262366
366514731
135687204
3923368
362297891
115502286
3848184
364915271
118183742
77769925
2163112
7610352
3131207
107831476
13988459
17142974
506214482
4123268
123345700
84151895
142393449
358715191
1184307
134521520
111846806
6719344
452052562
984403
132629450
64305012
13140064
84268159
11567137
101186764
106309878
113792922
2229514
511943922
536421142
4254800
72055418
453543012
129635084
6278230
908437
12534947
68265035
4087063
127691663
97978508
60847141
2483631
88877655
613912
70697285
586870
136349866
126907395
599786
72931791
13544754
1090084
540238
6476610
132745298
3588705
522175442
112439980
552382382
438460432
383962111
4274003
381431801
452224812
87219459
2275913
86616173
580964312
7583578
69051635
25522371
70142179
1175225
598721
109701554
2162743
454539272
351669311
581085
95917190
495253862
144400714
143784184
140398649
5647875
22643341
134757194
16645492
117794262
131354174
101487740
10066213
61142707
98906250
5169795
139405105
6278743
581935
402868772
2534179
3153384
489126862
72059803
1104683
60842361
144389282
17940011
449197522
2820791
18083686
118195246
72066699
378743901
62083053
128910718
403520542
71904946
134965712
4588211
12452074
1573881
82751238
1572660
13975787
109799802
13975786
660753
518888022
462946942
425658452
101887093
99976976
29199301
15616226
69722265
17682938
62471074
84310877
83613008
1161017
2437152
540048822
7703613
418812722
82410874
17392863
982939
3588711
362777081
4288219
1579705
917711
121126102
6627454
95448552
103745998
914501
3075943
347554731
115085498
63445698
134996364
112661754
347727231
137729301
78177195
141719179
140861953
543724542
7332377
124186286
4733116
84694345
130153179
2438123
2714547
137726967
367787701
107144570
459180072
16650332
3181776
71645438
141339371
135980080
109734490
13796257
605486
444718352
2176853
67322243
356902621
348284151
104166518
4711053
144386232
2319418
83116660
413695242
79543168
95282240
110296784
90408901
86834931
68953819
531822661
126542781
2953526
97053162
790933
14519028
73302310
91885508
132201182
82133116
785435
5199221
70430499
113277700
14490160
371954191
121619344
2986360
3668094
910273
104337094
80722286
15597948
13128250
29224771
10206204
13145326
14943651
102920700
662127
62251673
103152374
414354612
137725705
133124874
15546831
2300960
2166346
80625708
810793
18225285
6992753
132201192
81230438
6770992
50319711
80678800
475164402
4252471
62376347
70744512
78318592
421491132
61249500
71099140
935403
61394937
78039538
4773177
354917971
91466788
916444
128453213
77849400
576851232
12711111
788974
15588515
141345649
5248862
140531511
93442416
14465689
84791265
13140481
4709938
9951183
10349708
789214
430415282
100835978
92830170
141920399
145501466
381206051
61147778
446689142
130914064
660405
18094488
13529583
91019429
144192286
397729512
110954680
115534960
580705262
17944088
1171752
906637
135029662
143165952
62577736
91884158
128458671
85454318
376480921
99312794
2183990
15107842
66506869
346098321
77834443
783963
511037712
433394132
127167835
13162037
1579277
132201202
4761586
471581522
124659390
139674793
66929769
506283702
133584886
140338851
74672929
414696772
1053678
133105228
2158091
608653852
16339554
137099510
4622458
85912355
93688090
101743279
3109098
140356575
115000020
63178562
16015035
2522928
98265300
396461832
5490693
14574266
4694980
101792903
14068725
1327864
140340541
90795167
429144432
2509817
76272882
113424358
120738710
416259102
378666081
2251567
138017891
79798942
456962432
111774688
125968031
72314624
143169114
2485128
17606093
72359937
98408464
2285264
71274406
82193316
16404023
103139836
120152048
138433645
12226430
426267222
13711432
596589
715704
6815366
412546072
568201072
439862962
112350084
448622562
677211
417673212
128323989
17606034
63449140
541324
71294471
5223159
3410796
678894
479021232
476195172
17420676
455697072
441462362
435246512
126938657
88824737
16150099
122882544
499737852
1574190
138768067
129894952
86833855
128551423
500400492
2525873
354045761
77349224
4116963
365418
138958295
127805207
101782253
67845891
81837010
17126362
447794642
437979152
17390666
2529779
123409078
15588507
354585851
2917316
498313372
3112221
4230901
109512200
409642782
489126902
10245003
69390141
72067628
730808
2440652
1104670
66773620
383962131
434192412
418315632
17612841
7812669
138130703
694629
5362740
4099852
357724051
1085843
69552395
126847599
104377432
408721752
68951939
72332237
70584825
7256262
7438792
7310443
2587398
75920712
140183319
293192
68772205
136804010
1575375
580851082
136494914
17610393
6488352
41105041
84763005
2954704
597360752
3112427
87358201
61723291
70094147
7706004
383013941
491447002
2508513
23403561
471588142
95245802
423552412
78982394
64671716
442693242
3957322
131344234
41295351
144542718
63178555
12000806
71397288
441200632
2306152
13132994
138540045
20653321
439754522
68582505
351669381
13437965
18818251
68376490
396593792
405573722
72502189
144776940
136672572
489012982
5316910
438905122
123635838
29199291
520260022
84965601
83936983
89845441
101819685
14348399
59509431
15976106
393898362
