3521919
16386273
3903775
69018823
142378777
119872794
7408080
3137301
580332
131449206
104760756
130413580
98100196
115823712
424562692
6636946
13020396
13792835
1117106
435906212
129275086
3664085
3135561
662877
61142288
382475951
17379656
386116161
93082268
586048
263316
3133043
132194764
3164898
69458847
116783348
4799971
78233068
15527575
3151655
85918463
74550239
62891831
71668241
18063012
2172656
1115274
380272811
629574
3089031
6789683
544222932
96014384
67377157
342733531
67447875
449199522
64076810
578424702
142704136
1103109
88715377
14748019
78535541
145613986
2185735
126338367
4262789
447344592
86331397
6823876
17633907
61042715
97136646
69785726
3159499
7562980
75149096
371182521
415374342
13840347
412628522
7332965
5422293
355711861
56537051
6541730
61223774
100478492
3586121
78492089
569420
2963498
105052488
393821212
116953570
135090444
129313250
143031188
392763372
72273835
83385612
80259072
72925526
2541016
435109212
2847559
125973943
15595809
98837558
80714980
450782142
70267013
455743202
120339592
120559578
71711927
65292601
3360629
552414
75817645
375050191
516229452
107339446
125969403
4761546
57631771
125510032
722161
624856
70029352
127248037
382497541
88728983
490415492
113756126
60758745
354487411
353480391
13483753
3159902
120352046
91383926
4588191
888034
94055094
10584129
14044515
128119327
35782871
73000889
15604765
4188290
512995032
14913371
62496773
68634974
126608577
3366433
425945832
348200701
6973163
2603522
3582977
80142630
143187576
79574030
2795615
10560206
6697440
3386566
449199572
439800102
70562307
105344886
69122695
68240265
104069466
88685461
3852723
6558033
14681035
59668441
5785684
3698697
4845594
84310993
107757986
453652182
62664203
64707771
144947808
81211236
636224
17609967
101082100
14066361
680111
345076751
90944577
4622831
108043960
14879478
9938661
4832319
66517431
65236038
6682867
18061956
502733312
17099645
7035324
130850482
953747
89200973
52716131
132277182
63996803
60764323
545354012
14825469
73917573
110079114
407238502
10201930
685692
286183
394379842
1025921
363535691
68837898
7561780
396451362
701978
4288422
74790945
397748692
123785510
371674581
101295586
142488793
6494274
121057740
420792062
117056304
95963138
7868864
398774112
112501302
88726023
3754884
366440291
69272693
400690252
69524336
71590748
17688612
15437786
76757572
68854008
72203567
382453631
7332951
488038532
479348182
10584591
355043781
1183887
79727562
10201935
312219
22984801
78335861
344479831
90619525
90780409
3616653
40816211
132375892
531483151
3129031
61308209
508312522
142743342
107329232
13569425
81617628
363542431
134016666
75931692
2963248
121595542
62892174
15928224
86877141
12000581
78966922
69814110
69424352
10242719
104896550
76273039
966648
99156204
986035
5840772
219080
565489
6164310
74526020
80617740
4638671
437979102
114778252
67398764
132201200
70079544
28856181
910851
347479301
13275699
6533989
419177972
3102137
386012271
598218
20138821
67300599
573668
266779
351176391
142575334
62652680
400305982
95762424
4286585
2445371
62119017
100780080
584661
2310808
65452711
6574881
462270182
431562432
108628266
475689602
79311681
439787902
114237708
3134928
76004244
68604073
19038711
74088366
516225412
454265852
14888231
70404896
85202734
139104013
77483407
7294851
415915822
62471647
2847452
137198620
69424329
455416502
17161373
131875288
430554282
425709182
14784307
2511311
7510375
88209961
122784396
79983540
129374494
69593854
2216148
126016389
7395216
1344947
376985881
569329
79073684
385496031
4833728
409141692
1143619
137796615
61350123
3358382
7088338
107689628
7272292
139936199
79567052
4301863
89870093
92383524
62664202
434503362
516175922
520549492
13471101
371182151
107823322
103503102
785207
10199754
1114651
34792291
116485566
401142342
135875530
2498437
62482713
78484225
386961991
360628591
73203613
13140493
13543735
13230810
456840572
119875914
136802846
382268451
3833667
70274248
3103991
532527162
134827614
70943303
129028176
7721771
105011246
70602531
10446134
119526052
383028381
61100792
54842631
64449240
3577856
1069257
3107318
140345969
111031418
42872151
7221489
988423
7484959
142193361
112350068
375380481
5975401
846698
581386
906616
138128007
953098
386116051
14481861
5475067
8081193
77725068
116528782
3242060
426048042
139301749
555263602
105167444
107763532
393665442
88590595
3754370
64489047
80042102
3155473
1574152
407499012
413413822
459297912
63046477
87650491
62319145
8147023
108497900
96449054
3119140
507757172
373780831
373045651
9592953
454314282
9865407
79392571
5495770
138540027
63306303
725689
413441572
128179581
80336434
61043340
705152
86022605
123411316
137259204
37191341
414838162
141164927
139263595
396127542
369874341
800350
445471512
61872729
91663788
117062340
6872316
112666838
78304409
119872958
2313241
546437782
71116870
96468134
134047482
2235299
4612915
120309900
16149112
13163140
77235388
91987448
61466568
356103941
401708292
137921083
75473394
63443994
61700770
474043062
135373118
520744722
104791428
411598182
116348596
119873536
16927143
110805986
263351
61259501
538146
6211042
128096655
1056919
28774871
77058641
115811282
77860494
3462875
104564960
14592439
4116811
5190303
77836803
385892831
60705371
4284329
103071278
71299819
932556
570273
84187663
412814742
144258986
79727950
385446861
5351365
119830038
122577456
678430
12164065
434215172
69386875
76947497
2114357
7408110
103797926
709662
127243441
370776501
79595960
105644458
87396815
376483271
481681362
112182464
540738
140886001
504135742
2317860
62070467
80223674
99156194
125621132
142705696
5605167
685248
60437441
67420602
3110852
372270501
414838202
125544688
71407123
627112
92193550
660398
15485815
2191385
114998684
16189537
129363154
123345698
70503264
3088451
370599341
72294268
108774468
135438524
723855
1120924
361119531
104641484
566428722
62376335
526205052
422202512
2547502
451136452
15275836
638487
7897971
78177141
380727181
14299591
125201724
82664652
55824061
439787932
7703898
507333412
121123256
28499271
13180000
67316141
69552404
68772213
62084946
4161884
394026982
349474921
1919130
6765743
6788861
7091363
134115432
459628742
17605997
727540
7812632
519545642
135242850
429644262
2553709
371601721
121215566
1579472
66299100
5785689
80274520
413746712
17162826
365103691
416766202
75794633
355716981
2283852
97313248
77902230
398926162
143041044
93630832
66150376
86973983
100080542
1585681
8146884
810731
396246662
124062452
72755031
562731192
17497153
526581152
105579760
13547129
76389534
3116559
75970890
130012250
555639112
3129582
3129789
375488371
6640575
140860383
143171424
62532337
76438771
922294
1095872
62752127
349878861
10064649
24778071
536910862
451004602
438817782
491052052
14616013
66983038
17968737
4288256
367735801
846215
60901412
105717732
83794966
3818864
75734596
4601779
97446850
3131286
144445436
2176861
10160616
421426682
909001
870857
518775872
608756
74401539
66982967
132465498
85487264
2315480
115704322
58779051
97978288
111774722
88328719
12913612
61638765
11472820
14836367
3413187
75834067
116994416
413413952
9962973
552424
64782314
62166638
15672393
137727927
113414662
15348172
413820222
401217302
61287079
85893509
145619646
452629822
124996162
69238315
676178
76036774
88150943
100124048
75931700
3432594
145052112
372456951
94242264
1110046
13244574
373531171
71983026
778704
131365550
597480
63015915
98891574
598221412
89629799
18084689
101401266
563873032
457302112
1158836
706051
127723579
98237636
4619483
135972912
94366078
2264716
113430076
39763241
493843532
348916581
579089
568883712
4463697
498519722
13796245
74825054
7395231
775104
370959481
135871228
2948526
907774
70232464
14615239
552411
105649982
43782891
881851
141617003
378806571
144547528
346866841
20603591
3441578
17014646
8066399
392243192
111615012
3749789
73128975
78293115
82323926
77724950
139427991
374110051
7779501
88911095
68236798
401620392
75624345
60831477
17978516
70991938
485419572
62166938
609298582
13341413
371625781
2109727
661749
70876787
75197457
479801722
437979042
9812700
66802160
668947
16712483
68366955
86312577
461250822
73064044
18240881
4194884
93557176
72308118
115069030
108397810
77377655
4256605
3969535
70067409
3157686
61723072
23898251
67532876
17193491
2157863
81075570
532093
852335
80184762
982752
14737961
354918071
103739818
126331817
78501273
601389
559662712
556809
5356546
83941475
61033259
94664188
97641000
70226220
78304783
4119478
7735459
134336130
70776352
906650
15489381
436551492
4091673
135064964
124600546
143157064
4253526
252828391
344937921
1216325
112875264
124120348
847236
7555634
94108090
3964784
114313178
410106072
5093618
143040222
283752
102659148
413413872
7239010
81107742
4132637
6461429
1094517
141828365
662358
95402892
1048957
70591354
136331198
68335741
994481
67234552
15697864
422115142
81930332
93416570
117376888
98247374
138230331
348291301
13927696
459830232
58391191
13141708
4253420
60974869
123791446
362539461
12241818
110847986
542021
595051
3358552
72069775
67660198
2124622
62146770
72006083
500716882
435800562
3159358
367729261
64405478
522271282
70016985
15772767
68515603
76563091
15179215
69000159
60702885
142574592
16580012
750460
2477046
67795291
361260441
383269961
64074666
561134722
60452441
15642315
114238722
414980192
144792216
4224655
356709091
388904401
448595272
129341694
101764797
726810
480769132
13247458
61172985
4225617
4368123
72370905
70383441
353472491
1130259
118992670
98408444
46711421
15079092
3157690
13832977
81360762
827683
26624951
89077565
387025631
103512990
16341303
15139775
143875122
96861540
3957953
122604786
99554808
94755746
70459545
2954712
108075540
96313320
16061231
361234931
2176477
3334008
119205668
7902515
84911323
402867912
29382651
61239660
4672229
92259594
2422781
380390631
3715219
76705249
7437870
535040232
94184746
79036875
375141931
62292906
884041
3885293
68075550
73361840
4080920
444887352
86164401
16059770
104542954
83508992
430307022
4764224
68452589
1143488
296869491
7279327
131169332
469414122
445792722
359438921
370793671
121027284
66608342
66374220
1085497
74012522
355173541
7777964
132923304
12493563
13018702
104943128
435030192
3777435
90670831
110963590
88552761
397592242
91400152
84721965
1115403
2525791
72012023
2934751
7419122
670925
431145022
145615818
5479982
77724915
89134567
4763577
698958
94107312
3103097
136215888
66361593
619346
63379186
136672558
3785085
459413432
2606173
4253142
482912652
9434372
67880386
1946957
3129406
7853822
68350107
16155979
7270021
7239020
15618526
3906793
404876662
66138603
40078031
72081409
113226118
461711782
17059736
59127761
88845911
586084
124185044
101984755
632871
349482531
79957766
62743219
12169960
1140665
80077382
106095090
105998658
19271811
3513647
80884814
471948462
4621951
2553807
96258022
98108344
673432
76211030
601886
3551677
135047854
22799101
61882237
90305563
7272269
507148112
125969379
124737158
3142371
121595558
80276300
393460742
80600850
81386346
74357553
15543742
24378161
408047492
660685
543934752
367505291
448467662
661586
125969395
46694251
134588697
17604780
723563
415515082
452541222
1156203
502776542
85986169
140833575
96423474
131144682
132625750
14509810
133959620
124218600
412547912
1003544
81201786
606117
91618460
14202922
2925107
78304481
3362426
397419532
556206122
70259390
137729337
16613008
3090559
114026390
626144
68171410
3104596
36529721
7151881
71244027
4672231
70512005
1159159
2295357
7868830
101022014
5645692
4127462
11441713
17779256
40198471
138551451
423598662
14172344
374205571
91384522
10235994
87792767
365979031
387535471
14880829
2818464
142696126
100869166
3852711
61860871
119865252
83059124
77022784
61723062
60388661
417195062
3601754
425184592
3020196
17064271
435341242
134919812
139632373
7285510
442643472
424567622
85952163
537438712
449293762
136484236
1126573
88629099
361256651
410977472
92399530
89078575
434708592
936996
94811670
90013233
411911912
412628512
95200808
117935730
586163252
439757732
118601966
357617061
89600231
105886982
348183631
410304142
7857354
127127737
595913
688908
380503181
61644184
851001
122495198
370862961
114437798
586181402
137729527
451788042
6992639
135876000
1172426
128846781
71684843
62418643
117038328
87275809
453904432
73064038
74816416
99017434
2157141
135394504
426213292
378088761
507148102
103979510
13469426
4468150
141800229
113200440
424463482
66604546
88291881
88692599
3361196
65644538
388904351
378037791
100780096
87897745
14948174
80092824
365327671
139955341
66109823
126920849
535202
3235464
3037647
84310911
106386630
1620782
69241456
509957732
94070254
858203
126844197
543025062
125753236
70728888
15568933
130007482
4773175
23407031
3155482
69819441
280556
79188049
102792958
34992801
3613215
3107999
14393614
77104736
7285044
91005767
61840049
563218872
108117214
3611381
110256510
98812948
117126848
99156208
125385370
3072020
63103299
67670226
63472098
549979
2936707
133037868
82179544
95059540
140747461
529982731
123038776
97155888
29806161
75749483
92819032
