68442426
132029880
63653810
123139844
81328158
13112883
916841
94755868
6269378
4585482
134573543
131739898
356003351
395058442
97026906
508815222
71653994
382538991
414894102
3909731
3135336
78389969
14882624
79641598
361484231
112889796
116955098
3072020
394080372
389278601
133120054
126718535
3906972
3139511
84574199
64278779
484664652
140659723
135736388
354054791
112685710
17827560
62847158
105716960
6461441
2553273
79311681
435477392
378745711
145532054
71131653
382987451
67447156
537724
94037380
397141342
522271282
4621951
783489
143508104
134033940
78602729
452131442
601886
25002121
984403
111774722
15929307
142082325
145370200
17418410
127075445
450875202
76159511
17634208
93477516
17221596
7681345
381492871
71608366
435306802
8086133
586057
98100184
99184660
62471687
382925831
388570941
346967941
13776567
1114756
109168976
14892455
606997572
372299501
6489970
3432592
364951
29199281
130414240
71452919
2426862
132199648
133098616
49945861
69404587
17610768
371619311
4008548
93853162
5592970
76272587
457149462
74271401
12785957
114811590
5614669
437930362
16499761
144145816
3088069
98026680
72055416
144388546
128099969
3148104
7365614
71102315
413933392
8112357
130855270
3399877
133261850
412860042
70531540
1020862
7117058
69785726
3614129
383559011
129324476
68748923
132389048
4254800
75243672
448298502
365108
95254412
72082917
427205962
2477963
4309449
2795617
17608830
129324466
356518621
107350844
3539842
365936851
1176050
69592703
408766392
72924126
72521073
122552782
98891740
362725301
409972742
4602455
134996364
67873524
1572686
469409602
454634792
536421052
454314282
68926934
11897620
395865132
867061
123505050
87669875
140835357
403379782
565609502
385581961
415561562
2438124
15408612
504465232
358006021
17681727
340940881
110068158
909346
124996702
516850382
402932982
77555049
125972439
139111899
3138696
78016466
2660624
16597546
3389258
401282872
2525505
531666861
127300333
62744403
103057440
769978
75056040
11540973
94116476
1177996
109864136
13394787
581751582
142335521
127803599
12270345
530927731
78797406
128169483
96133358
113248886
662472
92139526
371625871
428537492
12343171
13704988
361484251
1572694
393894232
59509591
412550722
556779102
616987572
382272411
369223131
513879202
69982617
71955246
142129777
46676721
365578381
15078236
1915902
449032252
89597763
20557701
4588209
3164997
37217271
542021
7270085
93477518
619622
71641958
511044762
1583370
357037431
16705461
68771818
62220868
13204945
78068437
139116529
122045068
540361132
142832906
13336072
138139859
410193072
4097303
29735521
67234547
92829000
41294211
563469
5277573
77724912
130850546
86332801
509138002
3544008
63533953
98980466
128658493
1176069
376583271
125651230
143279674
468326752
14931915
144386232
136673172
466896982
134298668
453892162
357431251
116116580
3159326
117797204
4274028
13805892
89570667
3905059
124689198
23402981
69692593
62084946
96461836
519739622
122554596
11839043
12207223
63042031
7779542
4519514
73999063
7292420
412964522
7374033
373297111
129427692
10927749
6588200
7583579
2250256
364172841
431467522
135047382
128956488
398940892
499789222
711195
6918357
110296784
126608395
526427252
80443594
3147136
662490
79770840
10160532
3112213
28499261
62225402
378796181
84310503
11735802
144391372
87335639
386158341
137821977
69323110
4288200
740318
128546547
3754370
75212173
371858481
131963734
491058552
118516574
3233674
75314047
111665360
59668531
783900
78383552
91253230
17773286
17768061
10247032
13073002
141687143
422438302
67044908
357917801
79475792
396118722
68976286
128706953
9956160
83116458
60906320
1086633
92739394
86835397
377718491
32936091
125075248
131982320
558846162
102417226
906583
144142412
581389
112423350
789214
133203840
93376434
378796211
143781578
2235310
3616662
2661882
459977232
68947757
131812318
473745402
88712813
63893627
104233794
95402892
126608387
74249937
1211407
381206251
1162525
133922560
430494752
905554
116953148
12620317
358164791
121594174
7624158
88152889
111665344
71088803
7263732
103311648
349658811
488399192
550340532
496289212
130012244
360302021
16014485
2733680
65227254
17135103
3144776
14172440
402601442
575943322
17880990
472992692
3153537
417355462
714397
5093875
64783924
456965102
52880111
3918210
17853704
118031118
134443916
5304870
94523940
398001722
71738557
94086018
73945459
585602542
7988255
112667920
135263658
3119072
425537422
75298889
4288205
481510402
70355759
3157685
568844612
3907803
77834658
83893753
70682005
383973691
113342782
401788962
67499274
350171301
128552785
477966682
135203374
64931064
126500245
470591522
375461671
129869104
74736779
123852690
11732008
144958872
1103102
371626761
130418128
4530763
378380941
61872730
6494872
2194974
133579138
463377032
88614233
65446363
627542
235469
46676701
87536165
136343168
450485602
90250619
6558029
71967083
1973049
24276901
481488362
715704
111775224
526044612
18472071
434924002
9489784
7583585
63300096
10357400
96824112
764317
13789077
84694367
15772749
92983374
78359034
103299730
70697288
120769814
420471592
764294
438905122
373686251
4519745
121335724
129309570
441050772
453079572
535305
393240272
526127702
383803941
90250607
140534075
143348590
3129408
126846613
62229184
415112982
104552024
112744102
74525092
466655952
445236292
17480423
347196251
452663682
16047072
497479342
487063022
7270086
383849881
61089177
543135622
71124050
483848392
105221190
908115
128098287
3081268
134539418
61999247
3667173
66937240
2283271
12109424
130005964
76520779
4433331
138218663
7270079
86096385
4125087
130414234
16705459
5448333
6608954
2420400
68515254
391669572
83385598
3155996
504585452
442693272
105392038
583177702
447098152
134521544
403869352
66743917
6105814
7091374
401472872
5288626
56725611
96468134
9975826
133348200
97615912
1090020
61698464
72370901
3525663
451345822
62566553
6214596
17451541
69722265
11616260
67795287
112667892
1467044
5490700
78799026
13586716
46713001
437930352
80885550
124427020
559211602
92233614
69828702
137099522
84857497
357083261
7270080
64821165
124608238
6128517
112264768
6322630
423745182
81837008
6435674
74158089
435175362
68943068
6599837
398774112
417355452
394432432
2519846
7374481
4520994
421176752
143138892
6917807
7087523
13851424
105710114
138619071
424911292
124988888
921875
28499271
75139879
139111893
399864662
77554028
27552581
412814742
81090056
70466282
35748491
2994500
603974
705271
17064271
350055591
3130445
141284779
71847388
104200220
2480949
145501460
402137062
77379682
3829145
354497621
427072122
127242877
377416051
449072022
15474101
10100698
133215526
3095889
71427982
4709938
483916652
912847
371500441
7146281
450535342
365649421
1601661
86788941
71528857
381810741
116817266
12914358
69107808
351595701
46435771
37027961
13636281
71039604
94652670
70389820
13103121
124013734
412567582
145370202
132201198
63424927
70562299
830309
3843591
28236381
34597871
88577485
125538518
129287494
141483851
1112266
613642
69331073
3112344
3135127
138100747
70638881
134954102
77708477
109739488
351595721
4254808
120731726
13247868
75610716
381232971
58779031
662471
437203682
61972436
435477352
403743052
144385566
13130990
537142422
3138695
64627716
63432532
456913902
131337180
504242152
128950996
4091624
345997081
130935398
109512220
61466570
537435852
144572236
909576
76881284
79572306
676854
107757932
349803981
62546193
77645763
442693252
369871351
144456008
113366544
6166675
3136505
422130572
63379186
104088780
82418390
100590116
937284
140179735
65445752
16161057
88328733
401582612
59668471
370426061
97328510
17479889
439216042
65247383
120352046
88209921
3070564
137260126
82579212
134044288
72313416
422942532
60922887
135053694
75149096
76539677
88936759
24778071
1161532
424597002
97796588
2124370
1067076
98135640
104797184
61644189
5223147
