674162
513166232
2514677
140869465
103051054
3614665
600886
67563950
13141306
521006522
925108
674958
13975778
72363411
124262674
61110499
72004951
72189644
625672
84791837
71247303
12801783
600346
2420477
78640457
375157651
938553
67503792
664444
83231546
121258078
67549267
3097538
2172900
138546007
14145916
520827452
1015879
126215751
134524258
32118901
66480897
962260
120739020
5404535
64680912
71253927
3152093
74173036
133577580
102877932
128743099
3167612
78498693
3130319
13149611
72363285
3089235
128947092
98701780
13792624
2234314
129634904
390213151
61108933
403074632
451648352
135870546
124062456
71078033
133165912
7340163
5363024
83111374
78713335
439484722
17191428
78977848
104936008
62220854
134966720
79895460
632493
118587270
134945410
664456
877407
83936989
71830181
1016279
435175532
407250752
110230842
2497140
104867440
2889780
74077847
910223
860155
3130304
76376876
84669149
61428253
3146149
82257536
6113105
7193834
67795284
71092102
420269112
435175482
3087475
62874022
62290954
92826786
441178802
121943778
138545997
881563
2307289
440823782
982678
67578121
116348212
2525866
2464635
706840
2438249
13783453
3169698
3098841
72420916
15177998
95890670
145236188
367727711
391439172
83111394
3616531
17347963
5404548
940332
61102353
73135389
2319631
63790890
112662288
983258
765436
3152105
16501728
70697369
73972218
134525904
103117160
77897436
435175552
127063153
445790512
83841460
95254394
2659940
2300170
4087068
104337100
13483750
3296749
3971812
1157471
629466
1015329
70036200
346434651
75716617
76542233
346434721
130484710
98544116
142986206
549918
627355
142413895
491767152
2463406
1039986
567679762
1178331
4311596
117692656
132194662
70322141
3129748
2525862
136408148
669799
136335986
71483067
136887798
424567602
723876
78588920
60946207
61644180
81366296
98248558
117581964
86660057
7674865
71204267
82108252
2174153
784314
73981765
101295588
404284422
76543391
797521
63790891
67231431
17347967
1104578
3613837
136340728
3087241
126846927
14250005
5664754
88173763
3138832
92962970
72371362
114811604
8164649
105804300
698260
78562702
3140382
122435364
11011566
2423924
76671616
2043943
103035400
417673232
70142183
4634579
83941471
143858022
444261522
906609
81771792
858008
1123889
78282093
70584821
89458301
7332947
60137451
61110497
595725
2263033
144572232
489063922
65445466
443320582
66201352
78129603
354841821
71092101
438893622
4311268
355551341
2514691
61109754
517043022
4733114
1574666
3155471
142986214
89844261
9997018
66201356
3137509
97032078
452891832
132041656
387038651
105081000
1016290
2686140
3117971
97327614
561894112
435175512
2312047
398093262
365175131
2577957
606122062
480569842
3087538
105499628
108258890
374051801
79665674
2855891
16235816
79665676
82257538
131742260
84310891
563375222
93820358
68414397
126866297
4290138
3153876
78282086
72132348
65788123
1175615
441178832
79875054
142835538
107955594
472992722
2320086
137281944
90248141
3099009
17614655
82257932
4640032
90393105
139874527
417044742
2221574
17422308
380536131
4603407
77410187
61424047
111780390
4195714
70646033
13547842
104952384
1175626
1174769
515558682
2795616
561856952
4307640
344981371
474275092
80561460
80274516
2525861
13020453
2654326
44210501
136336118
82257956
3134036
15177424
3437883
112314068
92425554
725715
417767182
63480992
14525086
125539730
106301610
437212402
31038601
2288465
78366255
435031622
426703682
3103783
3589474
75819429
3088609
4603399
132560802
13651729
139873275
349385251
67238735
605833062
138546003
3257867
3028628
353582831
398055742
124713688
75814713
86876435
422208712
145017214
143270520
72299954
477452252
134212670
71137166
71836457
35407931
71646216
922138
550180792
72420915
360301951
77897440
128458659
13138782
394716712
788457
136340746
113418498
73682285
136101176
13651717
116348656
112662378
602456552
3122252
369547691
142835512
17615563
13785144
2847450
705509
76543368
5425042
534462
417335732
778429
84791745
548342
