67615714
83890421
3732426
7149035
15586369
44300861
129313094
72089317
429974992
395326072
925750
62995343
15165360
467652492
3156285
121930944
398364892
118195184
14245772
2525864
11272703
130495956
74017746
12644245
5835723
66380591
61108303
4603411
537739642
916334
979203
3749111
129265580
12291527
540191
397729422
79875066
76694455
15391618
3165085
465748292
117580364
18190270
439864512
17451541
79975768
7146297
401458132
79587580
14214930
12906054
129011934
2426862
104749760
2204387
61064534
498330892
123883254
94935188
102659132
62847142
100722468
10240194
867061
130118529
366441451
83231546
2847452
5411298
97094250
691622
7868649
1022289
63510358
357426771
14497996
118190304
105355278
545603042
477846532
3152603
13539761
1012851
2917267
63480990
457931802
75867424
88003859
3152709
414838102
65372358
3613560
66770160
61878665
7675659
2544057
3120617
116348452
93669714
7599937
3129547
2122565
69071715
3167623
437469042
1080875
107471434
135438506
7180013
910079
4945407
125190258
122016704
505015222
78106685
133346530
521633612
585777
607684
517740632
5639255
565423972
629335
2149886
5448283
54519711
128094103
136889406
89575399
3493887
3090950
776220
90632835
3103097
72160317
547531812
136889428
365342
84693587
14250000
69879250
7562069
122703266
72047893
103214992
558769
9858261
420749042
92570970
89629797
455366392
2423901
4624027
18232117
16401970
363542431
3095118
634811902
3788311
33869821
125307456
71645431
76057844
19271701
4761583
104595916
136336110
2838140
140182699
7675649
2794654
61109745
79036884
12275892
4602510
2803784
134525904
472992702
71181362
92213556
671366
609244
89399401
69465439
64312555
111780380
131744046
2630766
7818900
4761593
18190280
72363411
9812696
13131052
106733772
1056919
532968192
3119126
75716617
138127647
61644197
4300032
132198340
996082
1053678
426572802
130850550
596030
2813176
12724819
3098841
680153
367727671
869548
456965052
3613839
68513701
393116082
546875582
456965072
3543541
883640
65732144
121239416
144506694
911089
72371357
13160058
525056462
602339
4603408
4227586
4764224
1195496
116348462
62874022
2171456
73619002
116705130
69879259
416461342
132201196
142835538
2252960
17347967
104088792
7674865
16705333
71091143
66190260
132625718
116348592
92962970
595074062
112342328
3748159
68950957
3129542
122927610
94195822
677232
2452122
674711
61872730
572902532
126866297
4209649
67539452
108075536
476414592
6722119
60763264
61002678
6917807
66644185
76535457
109169076
104936008
414838212
457086912
61569728
75717865
4585679
98105600
109300764
535666
71483079
67929161
723861
4209608
69533953
97081700
479801712
582254
96931362
13651713
137893737
60774717
2466262
100598482
1576190
15546830
3616131
512995032
7575005
964596
100814018
131343028
3133740
92572810
90727603
140634497
62376290
434275362
365750371
68513563
137726977
3579013
62220851
432957992
88955217
88485949
980106
3296749
417131852
127676465
14299476
107744184
7705885
625436
414655972
940347
62724017
722610
116840964
7667349
4736315
140421811
1583108
2430338
3787863
106095102
139470657
5363365
579892872
415374392
425662632
2796446
112889796
492150022
413820262
473784012
4097358
98248558
431467472
15953642
568121032
16918515
7868662
1169216
72557824
138539157
3472539
6590103
13793531
64802292
136623198
136101176
137233982
61108933
65445744
113989162
5077272
68582506
4315389
671348
141822553
92739396
140295501
72420917
801671
513734
97786984
62376289
71645391
600884
373557571
15078235
62657078
470287772
449537242
929222
34818191
4097332
106301610
576851242
3130941
379691801
2794600
107406104
596023
89158299
67446406
76253017
126534873
81211246
67880384
351594971
16670647
12340820
435031622
386027341
105878272
122882538
542373672
925399
364957401
685227
2925396
3095889
541848
918344
690101
74395576
71483067
117270792
71966549
3153065
121595532
499994962
542003
538340
1143345
3130368
2163151
76395830
130914062
1035785
67238735
1574660
84268181
4290174
8110298
953609
421100932
80561460
71078033
7675077
105025158
92720036
83756376
797434
130665240
547159922
749095
79426369
2271562
69002507
397729462
7035510
115201660
70697359
109569512
5336802
2519846
39544381
2173612
3072039
114477730
18190276
3087241
18053731
107955594
13783449
4307891
6776987
13791941
4253416
145693012
62847143
140869461
75300330
3131632
4677402
5752358
14299596
2795613
397141982
11495726
143782636
111779610
16161057
947339
134285866
907651
17946332
98674398
79797256
137727927
6812360
106506518
12210093
909298
78232947
109703218
137339016
93477522
984876
92829314
543906582
142986216
95963378
4282297
629314
7868648
4619054
117301600
84908531
916496
3616306
16457123
10265111
102362596
37027921
391727202
102172420
92722900
498218402
776259
67329362
291907
69002504
967375
72717406
467988082
81219002
142844852
797666
95965912
937330
68175449
907751
366297281
351595771
134533240
582244
580936
100511504
518485472
1100349
456953602
130483684
724039
365750391
90248129
82418394
123505050
13797108
13141170
1030221
10434104
75834066
144389058
74131477
75485502
130484710
2281117
132029880
346578511
3129579
373045631
126011307
60200381
4603404
983258
82241406
14340429
13275690
662729
79875074
2231089
65445466
14063187
567679802
1165307
1559468
374283241
2168819
369874431
116944274
60977106
1579265
126092539
381492871
582143242
2793753
79875046
68950968
124996686
9992401
3099820
100654376
90102485
88252835
4301418
131742260
70266758
413522912
70094157
79875058
127880605
2168095
109169058
85496298
121194830
7512054
131611536
66839750
725254
880943
5404589
136407634
5425214
76914221
357083281
487433162
552825912
93308006
399084092
65544797
983847
32106011
350027751
56293961
67102112
1080922
75502846
71481406
100311332
71056992
118660848
78671164
482172172
6719163
2455091
62508655
391786232
116348464
54519701
103804276
69000805
77387146
477338062
99684498
61002679
70274246
3147134
459572022
76376874
103153480
364962
70322141
2101688
662103
732445
72059802
94424876
54519831
917799
61308199
137209148
880961
107471416
625038
121125880
355665061
491898322
3135183
117797204
2681007
890307
3015630
76500485
13129396
527022462
488038532
134212670
867060
79875064
3135561
13978270
680601
102351900
68943070
664110
383818341
18063013
3155771
3104483
440529852
67232347
469261002
542748792
78671029
4096633
1969941
12335579
373989741
144144652
13975778
615655
4096719
632284
2282841
106678432
466856262
363507481
3102130
111779244
3551883
8086129
92598460
79797252
68734591
119976314
13111704
410960202
71999726
371973201
391690332
409380832
17199898
1101814
487086422
398055742
407937112
3605589
448291252
510244282
6599483
2680867
2575685
948047
399023232
119539144
512555292
11540973
68243306
354631861
482990352
7275156
74099064
460566002
2794651
3133366
123607620
112350070
3152622
85963127
74494858
139874035
457305372
106997288
417195172
368700061
541854
126935441
144203346
125208194
13913376
127244341
68446351
2953166
1161679
73724283
73517675
538113022
67563951
63480992
75610675
1176416
562148732
63565179
455366452
17901975
952788
13529561
908572
38290561
3037870
100835996
134711946
953602
457266502
6596867
62724004
1085843
17330679
400435772
1580525
15489385
66506871
67238728
3090793
12744083
92172002
109641940
955759
17827563
140813725
498386962
880679
581979
120739000
142752898
79537936
15884847
2511224
145693016
93916028
706285
124603286
587381
549960662
7270094
60742349
121895734
5785385
62028332
455564382
70128163
722656
62070465
4225038
91348522
76273041
124600550
55277541
78516488
3142371
144949356
107743718
906566
533193682
477452272
125513632
122703270
1161532
35088291
2504050
7300948
61424047
99358978
60901819
398055722
2553265
13651712
3148104
925653
143040660
144545342
113876580
72569034
4008364
962223
143172406
92216462
414838222
90563091
111780388
1113825
68350113
61697713
66190258
1583370
55848051
823132
120313854
629466
13165897
67041323
360671421
876578
907864
434591562
77349227
61723285
568158712
104942944
2677041
511943922
525345662
144130194
446684802
555913112
4125129
17347988
67606710
70266522
1104838
372087851
124996694
350171251
680648
662113
10107278
561856792
136035224
72542471
534726
100598486
436141332
2813791
15714727
5959430
434591642
77897436
15220661
89458301
1101780
28774851
135980080
100115954
140856305
14574268
4762933
1158202
17615568
678044
536929
62376284
445238122
122552782
100115964
49582501
3360821
117176358
46280411
105970320
3088373
605966
99312800
554446
106095096
82692320
24760331
94539436
71441863
3156614
495211232
96449044
2541568
140398635
89077529
870857
541399
139787519
626419
417965202
114338794
547833052
90408887
86541433
378743801
142413895
417195042
4967940
4633530
114396428
884030
144604810
977948
60840057
122439642
1104859
95968844
14880812
13100386
141826535
117513852
1090222
1073621
962691
553056592
442693212
3571796
90563089
3614129
144388562
127673411
13147105
85576202
4736314
959183
461704132
416171312
1109730
4262789
2501296
94195484
4011404
516351532
3135336
72795483
100362280
2466305
410960192
81797186
134524258
70509386
486717512
99491574
619310
354917991
55015251
135373512
2917264
522622282
531907551
371625811
672770
1131131
963098
79114009
357105501
7117040
135440792
885544
389487331
44300911
613447
142337683
3776152
13569349
848860
1136200
3138878
125971251
107744162
4134354
3143598
354267341
107541550
911085
3138729
532071
67929157
140634499
375437371
3119484
3130308
70041281
858225
96494258
71999936
110956544
12724838
2167526
355604441
144396004
10244994
125544844
118190298
68960933
74237536
99734982
14352443
63034985
500400492
1172330
8086130
141206885
69863371
63456965
61840037
111780412
17616174
428710172
3097538
118821200
15425694
347385661
74569216
457302112
565349942
3614124
365137
353602091
83756478
534730
97383338
5092738
3129324
8066403
481510342
13651729
693493
89538853
61860878
83844556
504079942
413444522
906616
111780398
78357790
144665856
142986210
114395832
125546124
3098217
575916222
99417868
7857290
882256
71966847
424390392
6469834
543479462
496137042
491446942
401555282
788465
553193312
62738627
14775494
438850292
3105016
419827572
14352333
4709947
90563095
103512984
66190268
113366526
84118673
102400506
1015862
70493847
373046071
356779431
5652656
71788159
462849482
83111376
127685137
583177662
4244595
81211236
3129407
1125903
869086
555640
123669746
15016444
821901
489727112
121670542
62166933
6854747
127539479
346468561
91222488
92198180
79875048
136889408
870304
14497936
99359446
383962071
969347
72544267
4006939
75526535
413468802
124848002
78282087
95060040
63884541
85504218
13128242
428690122
346502551
75298889
77725101
74173051
82182346
79363293
368714061
13143972
7303329
377416011
91519050
1023416
79587582
109176400
3819055
142547996
113775336
916445
15929656
61501695
705770
129632290
1161005
105765234
141338269
134028346
408766352
69819440
92739388
383962061
3822013
69574422
392355262
907761
128546345
9956160
583204252
402932972
134533250
15531170
375437431
139103331
127731687
132193346
67929158
3134041
5400243
3128095
79140657
3501645
86876435
76159511
397121082
98358966
118993056
142760716
922102
12792148
541879
62724009
341924871
561756292
81768004
137234014
14405197
679217
626283
63100175
11011566
537724
78527796
13787788
77377653
72299954
70638585
784321
68884718
109725022
7332947
4302194
477989942
94664184
69686452
