72367850
3147853
144386238
4952964
420308552
137441682
599964892
417673262
124603256
7868862
2423934
104859014
66190267
97342134
603769
461012702
69563528
76303639
143169122
806593
2426065
92290390
471976212
116127176
59668471
435917472
88806943
551852902
39784121
539340682
7779501
6628171
69051635
70172556
142745998
422904722
70207612
117384160
97233354
64142654
99693258
606665462
368527581
556031
3153883
296869491
65394415
62566553
69440663
80556564
10178913
137791013
107233860
382619151
143034080
353864631
113051198
67536340
107351012
126087137
141353331
88793933
68640549
2809924
81872070
62471075
119873596
141851513
79524340
536421032
144091194
5490696
419915742
3957950
431825032
457266292
376480941
2193499
911427
92491428
143298404
14224810
134709680
682789
6255194
412759232
129820288
18107501
68607439
15700255
368882211
85900443
137725705
125191050
497479292
81431860
2930020
373033031
408376582
508635022
7408753
15591550
76295475
105892366
2943201
3735019
54996031
3922340
417375052
3135287
356904141
5549490
77961604
61250986
6802326
490905002
78184042
106973140
369652411
87320577
3089235
395627872
7951468
2309989
129633706
105555562
98026672
5966898
385097601
78318592
129439618
549499
136427084
18089493
140295635
12893198
71306844
132831460
69070730
459661302
17606940
409355952
516343262
84267427
4395716
369196791
356119841
409281912
9489250
2440661
3129570
79726422
90355379
88858485
131370184
383028381
452697602
450930832
3535318
371441631
554671
92159744
55442871
629333
13659225
61629179
17442625
2523096
4967941
506245552
2847547
503999852
136341756
134950438
3094018
130350022
373446671
13476008
907931
412628522
103214986
144388566
116485558
691219
127613647
136339982
72100120
137776347
3579009
3099838
661586
3415581
115784516
350171341
369473941
81661460
373362101
132689476
531941471
3543546
17605344
14874862
14944631
108157338
6472496
367735811
12566349
102662494
662368
363733041
449205722
61263041
14340721
74176271
406313532
693498
415238482
929101
64386861
1110030
887122
69552485
81219004
572549772
7674982
680379
432057192
8147244
36872511
629899792
130856384
65072274
478918242
143183940
72327966
7117042
3355951
906716
3376707
522622322
20481921
95174672
127266773
108122748
625966
12909158
613829
13564129
88552807
511573472
2425814
978896
882259
141772763
70179729
87173335
3106503
71668208
3125893
512681972
64906348
76781827
916444
13700650
94935142
410269672
70562295
102907132
623616
4244853
61499739
124600548
66751003
2430344
345319471
15986025
6487191
63094589
134481678
417374772
12565432
62680832
13340976
17681697
444654222
360458611
425605932
68352667
58071461
87172883
3577856
13483753
16433489
397746732
445019772
144689596
15108127
5728862
71133542
714397
407339992
61188293
12452074
136753620
597820
13782373
103270748
23892141
64201077
111774688
92871284
13164792
144559770
569831942
12325102
10114220
110956528
423636762
145590486
3912152
64627713
385097451
76662438
75257633
84282339
7239736
446684862
964685
1108444
75250680
108169980
2680799
138544671
2293175
535600192
13132396
79959534
88137535
69009121
97541468
6686072
793753
61354761
415273982
72333627
80194326
126219051
470745192
531767391
68437783
62083307
95265480
29640811
109517632
137197894
9933657
85384674
5389412
4519777
13140800
420845562
20725441
4217495
100905452
89575431
95585876
61721869
14406902
62293726
5106094
399045762
4315299
63264156
15929304
13129207
435175522
366453961
358187221
2603557
105243898
89266343
680669
137013252
3356793
70812769
532008
463308802
143032664
11567137
61246251
118282534
6128517
937704
365456
13399420
2460989
375500401
463936572
676880
76824558
69796427
72923986
2379855
82152664
428309002
135253290
397344502
454627402
120035396
18046842
1560193
396422572
425591092
980286
661077
130851526
92734584
84883731
115992510
70562483
392153892
515111802
452740742
62471103
7045625
10235996
140152177
440115402
374205521
14196888
64312557
66023712
497484562
79330921
12504417
437979092
376158011
70785268
1184182
132123602
636224
438742702
95402892
370426071
81262500
105011232
913374
1089860
17135112
102317382
74806137
6823905
71499794
63135955
69879261
66710395
450329642
132716530
56350801
15106739
350001531
363888961
89179753
466363742
99312812
143998726
1179358
448298592
106460628
943913
4253556
78256651
6172828
12571916
542294
415887512
2256915
3060146
109732694
6697128
136869770
7812638
355562331
5958730
586057
16047072
84564789
538332032
370314261
978992
725320
372456951
82024586
10201778
132201190
455599962
416328362
124186158
453123452
962617
106399054
527958861
115821124
130007992
4253577
135448620
3137301
15413275
538099242
345300261
90533119
74322266
411556072
69386875
69938495
477100592
79257215
98812948
97021430
428735752
2238145
434695862
74903894
4520397
75768217
7382555
129473728
419917532
404233262
415971552
3148132
80098104
67300786
72924418
599079
950430
62847156
70506384
406307792
80718738
83858600
67155298
100408074
138788625
16907198
137080192
453649352
783956
62847164
81328572
13094647
2686141
2071074
85404694
446651412
124127354
4123045
4315319
4463636
65395521
134519772
368910131
439645132
87396813
71137170
2261797
17064164
322820731
574731
79502286
75367209
82492118
140761589
494365542
600473
17609738
467488782
72718701
60774437
62165249
100060836
5950239
63565244
74599637
1075941
136889418
355854821
53833001
92002068
70403438
354607701
68734643
6288930
507755602
464350302
503594092
61752890
410052472
70045135
384812911
14176911
43010951
3658048
143798194
70079962
138128153
16099338
135928354
65019087
96485046
517884
349969271
6600965
909639
111777838
10697638
1175230
357688771
115705654
134951970
123726980
909576
97455408
4519680
106636610
912819
791516
87300785
129635790
14639968
79727562
358280781
122435374
598768
524050812
110955806
397248062
122474972
632504
110150142
69941882
96091402
481681362
117731684
631701382
510809222
446699712
370968801
104782248
4290138
94676704
2526103
127970605
10783591
17330224
61297194
90387741
543724472
1126803
2203383
384002311
576442
1151574
2281108
118587388
71304809
367614251
130935398
132123610
112012246
549692852
2506852
137833943
128794897
69295423
61187738
118195182
437290402
144544762
62417695
86490703
6722112
474046422
541400
86647595
73913842
85920925
88328781
137861479
15437791
105247470
81768074
452853552
101819845
135151140
142832896
111780378
2439304
403915292
3965582
142901634
415166592
13341419
12566346
469251812
91293564
99234648
541152502
390213201
139431537
143177464
3097327
84842507
7504811
81201778
14636760
363004751
77378507
17606179
3669343
135369834
108933468
581222272
108879794
5404597
88950649
94195490
64935410
5404466
445955892
63480994
74403112
13529562
353115491
7624159
7706034
141456573
3912707
4603397
98891740
94706150
141433459
89230241
4188295
127322361
3016837
61016508
473526272
2276508
88173763
946348
504135772
7372875
70184646
135689686
64671913
415314762
75254256
70429415
1142585
4126036
4602450
460184472
86447173
78238356
3144776
456411502
3766635
396422612
2498905
438367322
17614591
13460265
99960190
266784
3835675
112893950
142688660
3092309
74494134
99938474
78357791
60742352
74672929
140954043
112657994
581240472
912481
107541552
348882831
430190752
450926112
3456077
10101602
3600387
440140492
351403691
6080021
3098843
447746722
424782042
60868722
75485745
1059099
460286172
86340221
81143476
96461656
62766453
623060
139497895
99341620
11747914
5674813
3098791
88968059
65441969
118559234
402828132
86096855
569559
80266512
536398
106936842
452794562
85372098
3155977
582463672
74078007
2157432
133203840
411598182
78383429
377153401
13186207
144572248
67929155
3880254
138125039
4648589
16153346
68265047
394511162
391369572
3360278
347015761
53288981
4622054
2303396
105512648
82209474
937337
948065
77242453
347134221
96459918
62292906
420780182
4287265
71624779
50358101
78017144
71898440
17637995
84911323
18091656
120731726
492366922
84791019
95964494
136864878
109517630
2161211
4007095
105011246
83827006
845909
425987342
142082325
445774922
4254261
68732043
12325101
144259000
82847520
472628072
125536816
529117801
125539808
537481942
845622
381233351
928534
133957068
3147989
72327967
77690877
61838244
6250429
71328638
141824103
101172698
348123611
13131055
142749130
141443991
355246561
81768478
141202727
2485128
15208842
7310443
2264731
89388951
552624172
144949362
102360956
535400222
82814084
3906793
3134885
598222
695836
777946
357617061
410960212
77305241
4224623
138636805
117713650
76377968
503240752
531717181
72160309
3614421
383013941
118190292
61002925
14629000
62743214
134951404
88328691
402044422
134446744
456076022
87515931
7675118
105886982
405112012
570437912
504273532
88692579
13202023
69290313
80333936
11747930
79592254
5223159
98883340
6322629
62424935
3072016
826396
140913845
3766766
427230762
71099186
145419456
68975210
143368182
65723682
144618936
13431974
90563043
141827615
109512196
93959118
892922
95917192
103051052
102645536
376014071
1202519
87186229
471973842
3124137
348260741
108075570
7562985
937007
800631
7270236
541402
119560606
75127976
3154500
470740422
83151610
424003982
16711572
357511361
908983
4845594
39404901
623956062
133756790
104943128
111963688
6259881
598081712
91442618
106331810
448265842
401485482
4289176
4604615
64681375
119925202
112469266
113514160
368713991
392434022
139936199
70445153
490366492
14886639
145437154
2600934
60722934
16328423
785435
52872701
144488698
96466358
10322418
562455
785288
369874341
22430101
1137806
124472100
29391611
103551844
776053
65788123
13249479
84747749
494497892
613511522
2229395
4585245
3959769
568133702
466638842
144445410
140640141
79894224
407188002
65452731
80266902
100921308
541140412
1151528
87669875
126797275
906628
11074361
369662671
476026002
60847150
3092618
69241456
725235
28407221
115416808
52554631
401795792
139872965
13655150
3135644
17588289
49945931
87935351
72287244
137724059
10875729
72924172
4274028
555550692
37217221
94015218
439707392
14769209
105281096
1489308
7675092
53826531
13787887
61697703
1118861
385295461
6062601
377882211
92984012
89077575
60703653
109176408
135875052
63019300
75128243
422438302
2159653
3134131
138304535
585601912
2294374
67499238
535487182
60831489
419250522
71127935
138540023
4116963
14202934
103668020
98374856
75470169
982834
103797926
137966737
70920917
17773286
87396811
562682702
2456881
69980010
13715967
386767021
21548361
92141196
93036874
75624219
571243
114788680
493090542
76277926
133764546
373997751
1066119
74041150
384071171
509191332
82060192
364915271
4162688
100052812
378743901
448532802
