3107315
907585
119003574
3104486
77698470
95938334
428735762
74659694
953012
95963372
447552822
15636336
427935102
3092167
916339
499988812
14299589
113366546
60847163
75747982
15049127
8177007
965215
74823775
4097308
410960122
144939326
676590
125790699
62951089
3151321
17135109
71294452
72856678
111603012
90632837
72104577
5401389
603946
2167022
630701
145494246
51300481
95964488
130065450
144543152
81309688
68414905
77618075
565150
4311599
953097
9807185
85568196
751867
123345682
931489
935730
73707710
142335443
4308350
542335432
66465550
49945861
14145918
70713911
70334157
1123670
3854088
122447460
124433692
12452086
787169
604371
75739907
83235568
71645435
95923162
61299332
14835140
13982006
62028342
14299590
7439948
14948701
13708439
1057312
12270340
7447212
137441372
7512057
969356
6461427
71661567
7916517
82410902
600081
61142290
79959536
133115660
134036220
71955236
950426
81609384
100479474
28852851
1176775
71828736
7624663
13141229
4622958
12270346
384767561
141822951
12210088
4209635
451825062
3731410
994529
366449511
4603400
104958194
3819914
123103236
12269970
111024446
71828723
548673
5645692
