674813
101947109
91618440
80180360
79587420
119436440
5081558
34615831
15556208
72857935
134523702
4764853
74088366
113366528
141919147
135235174
370923581
99827630
70646032
373832931
13430905
415561572
9919786
87869081
2604907
2283851
70177137
4468304
5161837
123052190
17613145
143157404
41069361
80860208
14500181
3729800
81349138
55004441
61182544
88195185
4194876
53854701
366917251
14464637
92171232
77856762
114349584
84589835
33898231
62894189
76520778
432903692
74904932
84852077
886462
10542550
17779256
83106870
381431931
121200928
91046881
400492412
16457256
382354951
53754751
18240881
16477264
426839232
2124051
86657199
65768154
100957012
72755031
128600485
60790226
71113450
10282639
61644201
145476734
140634509
17881354
371629141
13789077
137233974
6765858
66437759
128631903
911677
62834629
26901461
94365548
7936667
61496930
74603102
425600022
142378797
1187111
7155251
983455
6435662
17135202
15272584
50358321
103723064
71788179
1582626
108677476
7929128
78135706
100908122
4244589
6817186
84187663
923524
124220618
1125081
1138247
62166638
17605514
5169791
119471442
88003855
91151375
136330482
85750570
16028124
68875565
125544688
65690440
79185293
126379109
675935
70813832
67764075
607602452
63893627
123418810
405227342
3148245
424800642
376191261
82264288
77897301
13978293
15252346
72273849
559356602
131010192
676836
3851969
75717120
118604324
76101968
3140142
110243488
79726236
89882663
2321665
994493
136332808
83922051
2187343
62166934
122882742
110872308
344545681
420012652
100313772
15397327
67406844
29770661
4217751
62462118
7675133
61674928
61286259
113297434
97828210
110008872
121917464
76228180
61239658
69220510
126040089
3776147
12226253
2565717
92719906
74158089
84322673
92877520
4253538
71180722
93320398
17868690
417592062
64370840
601015
61239653
419900132
2309267
77992143
111774712
68473156
439752132
664438
67044848
62917742
550291942
366392231
865696
3333468
2949679
17440764
2430576
63378590
119972772
102856492
449204222
931591
25574791
117836500
68627980
80889180
86932699
67538011
937083
13275871
104488188
5900335
373780821
