366452191
706055
412086162
132521016
350766411
128631893
137785539
16418240
69247345
13796241
1574156
429946802
662123
18100166
9943128
406725552
102586228
2283852
14617165
78441564
79589204
14384574
74031499
75970840
9938326
3445624
452287782
80804448
62712727
25574881
79589200
91855104
87172675
3825404
63398622
77349224
141948069
311547
63525633
145473572
145068166
103295462
17451555
7270088
17446044
11080219
65129357
3755005
80443484
13460185
914015
62550893
62238193
77461193
5404537
108774468
97313248
134525142
102289262
72717419
2630675
906595
136869818
4611919
136802398
3105189
917981
7365614
971637
90823007
371790081
126668747
17685393
87788353
4092055
3141158
5662806
4636656
773638
17345763
405397792
72200145
105118590
671150
535202
13544743
96461840
80889180
555263602
61394928
97926272
71462196
120449586
294450
17614654
76947597
5454259
4657483
11282960
2501201
89104043
72933113
921175
7703994
79042310
127878315
120451282
7794029
30542391
3092566
7857242
662104
5869370
5495627
363542371
2676034
364957481
379139391
12871714
102907002
70834440
370618081
12754190
71307170
1088223
70643476
86672779
9968997
3148110
909639
412771042
421697612
928533
6297553
106861820
17439183
3083370
364957511
103668020
65186034
73221531
84240427
65706370
90466781
62417927
36528421
532874
97147574
827257
370094611
1151612
11125329
58074801
366060621
60907055
78164713
263332
115633876
143809412
71110252
763158
985278
3603521
971342
70716467
5652653
7374461
542802452
36537911
4603407
72755031
118284066
145425380
117239894
106746754
66469373
125983795
462928842
3963798
18234559
611805762
13143973
73457612
100855744
88903193
4229766
6732799
441470842
2430021
360873651
17330689
12351807
69987016
81822304
69982615
13160751
100357038
70506866
10178913
75535403
59509621
65493820
77118391
104545682
566950012
6259881
121619344
420628082
6587992
73616482
409961982
520762132
14145918
913985
66465544
575895892
17614202
145017168
68102099
6907151
458525852
70294403
4074658
25929891
70510443
2438148
107968860
4454638
74231999
6587994
91599978
131751022
128910718
13255869
70640827
664110
2704064
7557457
501865932
2550620
5169792
882287
100223220
2208313
380272811
4252543
129473384
17599154
82664692
87345669
376136451
2256092
85283048
1027760
18088163
12000370
4602471
70553168
66839750
416328362
328892081
2531129
12441110
65724720
12724680
18240871
142378805
539799
3026446
312141
78316091
7600231
62082980
4311603
144526090
7164536
414263442
56896521
133578694
62719572
342304631
90326857
65452711
5169798
286553
86939243
10101601
97191170
102856492
724496
67968301
410108692
414584642
455424612
6813850
434591532
357850721
144927956
409355952
16513318
73460532
6082639
21855611
137259194
1724768
3152093
13112294
61350123
2114570
82847534
1103436
127677475
607602452
468109222
17608616
75110989
67420602
88482561
98356864
2466318
81310932
67714996
61281009
3899464
79572044
252828361
1181533
16295522
27464901
133657614
20191631
4193526
72273747
84624683
106156874
916248
4395725
221613
62247529
11708671
443446942
65055208
17599298
61752134
3011590
84574225
68473089
123183086
552416
354634591
81197262
559532312
97231038
62319145
11100203
75867421
69018819
78479203
366473031
413815182
2830172
13460184
2526103
12893198
105586764
14214930
7673567
79257383
444889362
14019991
141740419
595681112
138792613
89174059
367727721
78933259
108994902
10274043
60977518
263418
9489250
3151534
82751210
63309015
135891478
73946270
10963138
86657199
15479194
91936286
83940961
120359036
23896911
120916514
66415460
429633022
62146995
101613287
87514497
92213570
3132601
7927244
58889841
78321315
142499193
74235998
599043162
7600187
409281912
426217352
3599734
4710920
90103329
3540021
28852771
92830724
118993056
17608095
66869434
92491408
2547181
132821252
487053302
139872821
71152336
387670601
68648494
18048995
576435
86973991
376022571
910864
95322326
68849785
73704169
850333
123877386
3130429
4772131
98911452
428974522
309175
362795861
389238881
14236797
2723005
68971489
87772443
14834533
62029179
491052052
88995553
28852781
72160313
1369817
89310471
101399928
558981
5153727
89864503
7472040
111275470
7332952
1023429
13655153
6722123
14630177
2218392
121448102
140851901
67503793
90408907
540176
118480568
74461639
7779520
89882665
77842787
6722115
629328
13904041
83160468
81307150
15128338
70569344
66593804
2417163
507394602
90305473
3090559
10984125
972817
3614150
139138623
137232368
127678369
104230532
65232776
134031848
88314355
409962022
132137394
109700860
17669168
4585689
91143997
7868862
4761541
33305101
3167295
550102
371998381
1327864
103050398
14519026
122722044
105579778
70717107
91402154
69220789
6322621
413037032
114918736
135998846
134204208
17608155
137730093
7314582
101186764
75976538
81472776
1130259
142748778
7117046
17614057
1724735
91046877
106746768
67439510
137233982
123831912
400492412
72089300
64761019
3102139
14496720
397141342
13130045
101142616
126683099
15605110
981202
10313067
265147
61921346
140422261
6960556
3445632
552254
61424048
61723194
1130916
1369757
444071722
71490619
2114515
2310875
905588
72132367
46280471
109171210
17940238
94901768
534778
4124706
143782308
63653811
89559571
69593854
450864742
52688381
72787799
7146285
20214141
73064469
69354921
552428
423791892
62639381
138125011
83941441
1027891
13129203
119068120
69001504
16295528
69548768
97098990
7978344
57852141
16161815
13914378
12636024
85440394
92089160
365794811
104984932
72501864
120157052
7677799
352138591
58032961
6516446
439645192
13145686
50454871
73957320
68175917
67644110
421388682
13569330
2796441
95943176
92089050
15139770
15347891
55015261
139682509
129914260
5645452
3087809
434215172
582965852
67257300
346405991
3574641
71428276
2794591
120973676
124991812
111612750
3133043
15616226
97641008
69959811
3090893
409111542
84625747
70067412
65573443
99348362
625884
625966
71844503
10389257
58889401
569913
68171410
74322266
60784500
456840582
353166711
140856897
106732276
17862300
75465062
110393816
576907242
14518846
127245189
38973311
122437598
1103918
79827304
566200
387535471
131998456
70258233
894804
111027324
448626112
82136002
1048928
126718535
13085029
135895286
20696771
482172262
3335329
870879
68337892
17293576
709851
414914352
67511669
129296068
28407221
6322630
136340740
736150
60702970
92722906
6154092
4218559
103307912
498386962
68442505
66374220
11217020
73820941
127827777
1100000
443302572
7408077
71955255
13460762
61286237
2139642
12343172
72795468
133579138
82751278
877246
86835397
81386346
92723000
135440954
97541468
2961499
69525575
75765968
76384676
78300392
46227491
69070731
67782091
3132986
94231390
66190265
84604889
65039247
134024914
72069775
1113824
144545232
425361692
82135996
134533224
67750422
89704113
2575690
92089236
134536244
74024656
66027706
16164695
61167241
110937750
598731
75957988
2269602
6819410
7853822
600797
14628732
9239250
2287007
43025401
84066137
301623
79798946
69552414
104001116
4193718
85989815
3142054
14592439
452740462
144543232
2954716
105098444
7509489
1114741
17519574
62166933
106990954
127247591
79047106
71238364
424693292
5411298
1164145
913679
6990628
82410864
2300980
92141202
44231241
7897971
133197946
80077270
39407231
60831324
2207116
94289104
16096949
541849
2501713
130116419
133972528
77239643
1090222
102597848
2654269
14068708
102345206
98903450
62082854
118076802
1082502
17893146
3698697
139404631
69008599
99451472
91181249
15914088
107189492
64076810
69405384
286579
73945461
400413902
8164628
914234
5204381
106414580
16667851
66645011
66554897
970679
17385109
4605194
94238482
64848676
62234911
65395689
83358286
139811281
93047082
81871178
74003361
10273979
94754186
21598741
106627930
6295900
105768624
144773466
144202942
5753022
4224647
134523702
15217246
3121808
413807782
121449704
60973279
89155963
77483552
2670331
867232
124220554
134648862
978856
45417591
17451388
349337541
2236431
23437601
62719132
14737961
104668922
64699116
107903536
75256161
286430
108938598
63042037
62847164
10770665
491503342
89882661
389342051
89154383
9997016
409403892
814706
72055421
90318203
7009379
7245911
3765330
401142342
552398
499789112
83385946
60758941
103270848
503379612
107221276
113097364
13839057
110305606
73188247
142647958
130037700
79587516
11269634
15962407
61427207
5621303
14629002
2286186
595732
70172863
482876862
7800366
122390768
402865122
204076
28559311
1573425
13100333
116771178
17101439
4234823
422283302
145000544
3138703
13417145
60768181
94375222
74173060
34992801
13132634
13128704
92539714
71668210
7408861
13460186
602340
2232051
90165041
3471385
86508991
144385460
16403976
360445641
124220528
88848003
493156132
84780921
62847149
63179738
72933977
85258896
16031484
144545866
15575136
67781656
116348630
79418131
924554
74263678
68736611
103773588
4640025
74515893
87172715
77375840
122927608
86752027
23914501
2684356
68587449
2511749
3099000
84682901
3886732
129131024
3120273
15556194
73188250
88151263
137726591
144534280
871470
2953324
135807612
12852761
106105224
64760924
72608467
111780402
392153892
16664516
143055454
15597885
17581390
476739462
407339932
3590208
145388962
112662950
12750603
365228
680111
466655952
61723187
959903
64470702
619083552
81822302
109701588
4634908
138300601
3113198
97155858
118195298
1998053
7553676
136839258
539803
77676447
104879370
1114667
71131664
88328491
67481099
1738918
131781452
139884093
3156238
126215751
75802425
7164853
2149880
905554
13131860
115152200
406970312
15518781
66789436
92141186
6640575
56188881
63478780
979444
2524470
424567672
116348634
94535886
6908333
357482981
77379683
73161894
90221449
62166932
7705885
2545077
2952396
11691225
95976342
90767537
367311381
3664941
123598862
61501695
94369454
2168775
61644201
2263378
71131693
14878503
446522682
3102131
128169483
2550736
993619
58201441
17768061
121128804
63303016
17473606
382393121
1104654
5404580
68236804
699130
93442432
72082917
2760017
99176960
1137801
16571662
79134435
97995372
88954303
54519731
110955798
434871222
3137538
125953497
6043466
78628656
7554959
74657961
400937352
91934830
17599494
847421
72455161
88417645
120882650
68765125
3147136
77401665
81251354
3075957
3603704
63407367
3635431
82751342
136580482
84759243
3167842
117032538
2280831
3413187
3834132
35787721
7310527
71788179
81072058
107227688
12235217
935419
878508
10197443
344937921
582876
77647849
8146786
2261916
4672232
2603561
71645392
140513115
62167771
106851860
4110661
126771857
602106
131226998
4209638
69863391
365943131
82060720
601436
7754539
79219073
131147578
363732971
355182901
119393950
71262057
128108097
16144079
3075136
13839055
2511849
92089280
1137230
67974654
4218359
73951382
66437759
68530332
94271196
13794697
65706889
3119155
69779542
624588692
362797351
79928034
75108735
134706076
87799519
62797404
5472102
7004916
69220773
78449151
13975839
1118076
6344189
4014718
71039606
66589666
7779542
95148388
61723209
460145872
88728983
14340470
5288626
6719344
128994814
292061
411063162
433116032
5277938
944632
4072627
142678430
11269630
64605093
614534
83361158
109948968
1115049
66944078
78176965
17691801
69552424
87445411
392771842
12325092
89797173
52554631
79031512
69623166
12525640
109739488
66465547
4619473
680538
579102
418722012
52880081
77771101
86400945
884038
76066808
529678081
1090282
6823909
127266259
587622112
15772749
12565433
123038776
114438270
83876633
504150422
393621732
61486826
3835216
75243672
3133458
75970420
123803076
890307
10242717
936881
71930252
70045239
84995393
369108371
3092309
142378791
5079863
4509222
1211407
65098580
14931020
69548757
551207
455697072
4586923
125665804
12169962
63443992
409317922
85289738
438871702
1738888
77861172
16652777
13163034
522965122
72103878
100348432
68736581
82664652
69447083
63527706
5404454
263314
2148749
5900613
81617380
550670
3114910
61005542
3138696
61915578
68985941
100495782
15430586
3462804
74671975
14066361
74745105
2491667
13486392
3103783
7433830
60827165
2434159
452768352
9915048
69596574
5094930
1156580
69183275
14236796
60906831
950430
106249226
3020196
71581474
119416318
352141561
137727377
2994506
92305558
452690772
72280979
121560384
2736142
12335579
492617322
452933162
438434322
56295281
55012871
597053
134030038
80323778
109145540
2183624
81518996
4895411
2577157
910079
2249099
79357561
390945361
61229966
3112427
8146933
68927362
103288740
13140493
135446962
144300150
559788
20725441
430095572
448538262
100924436
13840347
393629462
69779538
135457124
580796172
68787168
67292646
908373
80266512
88590637
68852406
3146785
31057941
79824392
60774734
78669561
111894060
772237
77235397
583037
80223666
4289256
558504302
6944531
13476643
381206251
77369727
144211542
913668
414585432
142393497
5638221
6596861
34939991
967040
499864932
94195486
392470082
137739459
62882810
18082688
134523908
60784398
78435880
77325360
709512
3155486
491432472
13141459
87515931
114114824
10260126
3113252
140800107
88485735
388613691
4311601
87536143
2120786
37027471
124220578
89296979
73786727
5404589
14278985
6270271
67256865
19311151
513528092
68335741
135376878
73141418
125044824
77940241
88936745
74836431
89355725
10178911
469923392
61872730
3143037
101648721
101083506
114326054
3230770
350034131
124186286
109576268
412638052
61239662
3164713
3755619
2000395
884042
2713195
3099002
73064270
4160832
133557356
11282846
18063175
383861791
90318189
546835442
81706450
65236033
3156234
1095843
573942602
18181474
94957740
6717789
15929308
127433041
107528236
62351299
78004707
510475052
94613616
71099148
90213411
82198062
125120724
62611676
103726428
67753862
116348164
7721710
65395525
3613546
14891637
83111412
3393923
3158720
80267256
66242075
7437871
98009134
5900381
367289501
12266332
4217753
95435488
74370509
88937073
3016080
78628649
70585006
70320688
403699772
62624907
7706008
10811039
65492503
2794163
963148
136803588
359615181
6295905
3821877
92734598
1143253
121126254
408510372
63441317
105011224
3616660
4072623
87872169
857997
13437965
140007925
14489313
27526251
17795805
144226452
71689543
3129974
3164632
2247913
16028106
100464704
129618280
532093
14499427
13100337
108216346
100924256
89640567
83173892
1059104
105757146
90059429
17449227
2481164
4619609
77943501
403064182
74506614
66537959
106523146
109511384
71533173
429421252
114107950
67963451
77325378
15778294
552364
87669875
70562438
8081935
139200821
13705377
87669873
119972038
412568392
5404564
74850906
10445894
127758673
15478550
80764828
96461826
65590972
44292131
491526512
5404527
381925971
606690802
127969803
61172988
3114279
848323
422617382
62077413
86344753
123038712
457280652
6812361
27092561
62664231
117168460
67690326
15176013
63284946
3211445
96402856
68513766
366148961
79380047
263325
3122978
122886916
367666301
488281702
16853883
5934221
4253016
67954033
65537732
119514892
69220769
10027707
143473056
92141138
143470992
61644207
372922381
611209452
2426750
4518531
124813270
132831452
685168
79153837
526114512
14893479
7407842
25880091
81656648
7429117
705996
2300114
775054
15597238
7369769
416942802
358611711
62028712
110577408
3264870
3104487
72332237
353484011
89961351
935732
66445183
140486303
106120438
539080
82715332
135417092
13620541
86427809
613907
111327166
67928708
599025
573437
140800097
61784238
7232101
11505965
80092830
1147563
137824865
2954674
28236381
467664122
476876652
1965511
128947764
81328572
51407391
84764291
726810
81328596
1137796
3535187
23906141
934434
27092691
2541023
773393
85492042
388714341
115066968
73744834
13035200
110131580
776524
563488452
441137642
3560711
112012266
2517700
4262739
2547180
9818343
3237417
355825761
604840
13483758
104488186
78496993
12819904
77325365
92722898
43355521
55003321
91340992
7458997
75743198
410624632
7521010
8014717
82751190
811886
883643
865696
78918012
63183141
415696562
7365621
70896488
35788261
6855084
13463562
62608151
3366545
749330
100423276
2657828
73961197
2168124
86834865
74916186
143031354
145116988
70262543
369178941
17002674
77483048
15589894
452736632
1065849
601886
42236861
17608005
2460989
20578831
3235464
135176054
17548277
7780233
95320040
788365
12074521
73945084
3748189
17594631
13254157
75473394
355100361
13791926
4091624
140338371
419425632
4878511
79741930
75008942
118604306
21715651
88485753
129567770
3129031
7155251
87285401
62461806
74239011
98512054
4468054
2936670
5529522
71328638
2800847
369215721
950467
564953
105011246
662471
141624411
67127136
62572775
141045101
375461671
5617992
29199281
27016501
630595142
81551810
61289019
134029684
939862
79092292
438292222
123548378
7555647
13128712
87769319
78527803
133304764
429153142
3122115
105220276
16638433
123433008
946297
550492
121720246
142335891
106459482
6686056
68075337
989105
136337320
385097451
555639262
2604770
80271296
72575956
65768147
144535600
103357784
73221544
676960
17014939
76722976
135016554
82229818
120306130
81719544
394746762
19787381
386116161
95854558
131751010
894918
351419151
1130304
65724608
140721779
5404535
16705328
129613306
424778282
2182213
4197796
586163072
89815713
2960714
84693957
7332951
367311391
62165390
105610394
104958352
71090283
88936759
981205
4602473
944038
100751772
3041757
83729198
109792558
127677775
6102091
62130797
376325531
11282857
350984071
2847442
449609132
4195718
98026662
131810200
1163763
90248129
75317576
60200451
69222193
13806289
6545490
17612265
12817700
136341756
2794592
1147899
131392816
89844279
79217849
379833441
5975224
680524
1108376
124397184
14922305
4159223
131233106
74672946
13946301
3159211
67764075
830254
457236242
125341550
7270027
4116953
18205223
11899030
5434292
70334473
26608071
104543750
94359982
81344516
5404594
3360278
6411889
4184624
2554554
522271282
68760503
34597881
355250391
705536
15557786
101140400
60840941
11671495
75469630
101286412
75850951
13141169
2158383
73510316
71602499
14352240
878515
450329642
61644178
598768
95947018
14192837
60906320
4190300
521121682
145703484
15044836
464341462
1173723
74173036
52880351
92141100
61392012
1179386
17941883
79169039
3141528
7576821
383562061
2541028
67398815
126237105
53539651
119976334
93806526
25887961
471576742
3090467
355038421
88612489
79088574
69982636
88728987
581354222
75196202
17692534
1108095
485728312
5199219
411675922
23899051
11316438
1138567
93598368
17014646
79196523
2974024
139102119
66642639
536323572
71953463
3109098
120429002
9914534
132739700
3360621
570030402
2603803
82945148
75740025
87757517
3131840
78859275
70137220
2795617
265151
69017456
74905460
17608736
88728991
103734452
6942677
32110301
457236432
411708032
348900461
30283921
78562697
104546960
1149276
3130735
103117160
74176271
80655850
7599935
286429
77519341
17934036
568883712
125352534
62847153
132641706
95967026
834056
13148548
107535724
3155089
7292429
452805612
69424329
2293958
106258848
4709937
137259204
728727
61723115
124220524
33309621
387921871
1179539
51081561
108652008
1079628
348423371
16028126
4468150
3978446
119872086
462333132
79520404
4042941
62609243
50553891
120525720
4042945
106459486
71684839
66210085
962142
75212173
107908342
46641251
6712854
417702062
4762658
1392315
144618544
6304467
65461711
77664359
2514780
4671766
13149413
3906972
88990491
2435253
347363751
61366046
134757012
2603558
17017155
13131057
4302759
140852559
73551911
99629934
65938284
13277559
15026096
121018004
13483751
1147557
74187952
1840111
135872926
522622342
15177271
492570022
3417370
121878124
8035668
550346
440962952
105634958
72924914
396246622
107759000
52880041
113864804
91467564
131117244
11065265
881477
90102485
6821064
482172242
416164802
887122
137741285
439864652
1070846
80608670
93082270
109527980
73416316
109704100
141336179
8082406
75434750
94142468
7861001
19190401
384864661
81090704
143302928
61527415
134954986
67564426
75178266
108645844
134036234
16035713
90728687
1120755
81689190
432207732
92830718
353131371
714397
96438334
37181131
91293364
13651494
249492
6962232
46242241
3425153
2514781
452893052
68030037
3166761
108645842
542559732
63457747
5093781
18181616
3788309
6907031
14456478
3463902
391293352
78733533
2135244
83111394
107553540
2961285
13606140
13939962
3874951
401625002
3720215
45082121
143031344
64784971
94353398
90837729
5137425
14483997
13131534
96461834
102660990
69002433
12325136
92491376
62680832
401282872
10287260
392741792
7512051
65312320
72289024
601750
144534252
463936572
294448
72787802
447561292
14519150
17686646
89629777
2863448
910216
91619832
402940042
550175592
515156522
2453966
63449140
38019911
782782
61786559
76278115
459111502
82487106
66465555
116348198
12310843
1573453
110968082
69114115
72318839
17637981
467639662
44337921
13146381
409589962
129586414
724109
62351303
17453881
555652612
2504331
3168717
9104513
96461824
68591556
541879
84311003
81177544
977682
66608886
3427309
2185417
16339580
69892019
3205855
66245339
67351460
38982211
127354201
78213599
81836958
480868762
137727913
62847143
460278552
72714548
63459798
92491382
1112816
91121051
949289
5425397
117353496
65724675
73444878
87132601
2514792
73754276
130913372
135870546
6776087
550951
62269475
120636942
460276132
504199232
144943252
1919130
2428210
86451445
2183622
566207
17688612
114802822
62166941
90630675
1142772
70422968
131449212
13129324
62376289
45683921
70812768
15848604
126344553
62624915
83157382
5621409
423636792
105167444
69098311
3119621
17135946
371184921
80902778
605943
450535392
79589184
59054061
2164883
143041218
407500222
119682462
671138
13776209
397649762
77004578
123845274
133103942
5094068
5981729
5102647
457574252
136338814
1151610
141819809
89077545
75320049
448594152
118549520
907722
66129896
366455951
72787755
89879037
61254077
109767610
56894581
535660
76704524
69924718
118195182
84969751
124602512
3923368
127364653
66644176
79588352
78328498
139873021
75460531
61286243
140132653
121132728
94609844
84764285
7617202
12027174
67167379
114252222
145061682
430530682
371954041
62418654
362685731
91542436
921725
61685629
365750381
14834959
404618362
103186124
2205185
2186093
552377
2234302
61723288
105011232
66027695
69712613
3156642
17681711
80625708
14235569
3093068
2231906
70085711
95226902
62031188
107690710
968920
10766759
108662532
99100084
106004386
62165434
3104483
72761674
70025895
15914084
9489824
415257972
441499752
662713
142337225
14064637
353210171
128552581
431103252
617113
82133634
71462197
74967784
144451206
5592535
74672928
10339711
907754
85153444
69023659
393335712
70338818
1073032
453014142
6635013
83838148
759675
131342908
142488793
2294608
96459928
95149600
72059809
78985596
356003351
2456881
62652575
785270
75717122
53826531
383831861
137724275
5902212
72758890
69166723
3099806
481155412
14948149
75770210
98636970
37181221
20296901
3766766
58775241
75389737
912476
13139941
16028104
75139879
106235078
131338252
407106842
67538070
3525663
4619067
1137793
410415552
1123885
86453033
4255541
12730745
2230117
6229285
78726427
4253415
88376627
16260784
5743495
93699660
426267252
4858208
88376423
123640214
144877090
4185910
114655620
129345082
10199902
115025292
133097742
7632974
16668229
916325
418642022
446468632
105500384
3232932
72273844
75717120
71645439
1251006
98026680
16095808
12159151
417544532
1143906
71991487
134951438
13025827
749115
101204104
13025861
10199911
3667173
16752601
2954703
346502801
77235311
423689542
213474
16074595
549503
35088121
3099612
1145934
625876
3125361
69443936
764094
238300
134946700
60785685
126022859
65534802
72101063
97938054
24276901
691677
986025
105552318
3145739
13415837
2480936
3471322
79573994
68837898
2317724
135641836
13724926
76748818
69420264
11115171
4803749
3158301
143183026
62752127
7610354
90011971
414898882
95961522
5705289
72125476
85912309
53759241
66023714
93320328
127733663
552261
121079416
72421683
15191159
113506870
75724635
63641813
79932752
4175768
3107368
137132468
79543182
3122261
386564291
12351538
422901382
73594787
454304282
97455414
6599811
83839494
2452122
107757986
939194
3134156
62166944
69223483
16433830
117191024
56525371
565038
15713936
87768657
3135442
446948752
62174292
4622831
68414905
17494497
371473531
63241916
389064891
117371548
71464114
377979761
13982001
99127208
89296759
33255521
2289190
28655521
66772089
12441197
97620638
104437184
3146204
64309680
52880021
67858680
12566352
17681697
138753809
70443755
1101681
489453032
1277793
3386566
1437605
61676408
105011238
671194
17330224
918094
81328592
66480307
137726957
76543395
41295351
445802492
7512058
541681362
12601528
67118224
106216412
17603447
108122748
130080664
64346865
81404566
42535191
104102474
6690263
7599844
135394504
12984922
435915562
96045480
100925158
84763005
378314761
61043340
14489184
3579856
2878353
1182471
144538368
68771815
124071414
69323104
75299427
3372298
80696606
6963668
459401312
394916972
91934822
17102508
676594
4603401
95660136
69272693
7711678
109022590
86725283
12612231
7043924
364966
846669
4672361
70273320
2426752
994489
14887680
906596
6337839
360187321
120559580
17608731
144746056
85145348
370923581
997766
448547482
78383555
3138691
4194876
68788721
137259178
2813167
387148431
9858261
351652191
72717427
7365619
32891601
4310907
38441801
4207602
884036
686786
881742
70834665
80870286
16737269
96822874
103738074
2603777
5545299
10245876
14406902
411314192
73517702
2918825
3102832
3072100
142751910
76376870
113424646
64074667
94242264
9806065
17193027
10495911
84401559
7706034
368173971
130002898
71712225
77235315
98286648
7706003
14932067
106414576
369397911
3672724
1068523
1247235
519078662
72370932
136336998
17546558
17221605
7408753
61469458
907751
66401554
13179710
16295506
379095151
75169351
42855631
17607038
570437912
12821095
4708315
6025735
6487169
135405496
78511999
145501488
7675404
67512156
4468321
61172982
73511680
118946380
2723258
133191788
17880987
950377
144526900
70114354
68977831
105982310
705869
69007649
10963920
415331712
71298794
72125475
2253781
112889786
63415558
74232324
7408086
5973040
7705892
62743413
398568192
86834931
116929410
73972218
122045068
5125708
99127332
13636684
31057981
90697275
15178447
10011562
582285
410900152
663308
15142885
69323103
426627342
1030325
66404570
730804
64672374
3819906
124994908
411675882
5380769
70812769
101215852
13779063
83059474
42853121
66023713
6414685
476712402
75779617
63893613
99570494
348659061
108624716
3158753
80608996
15175794
64707771
992292
624945
83059526
75272025
13654327
532923
75446343
770938
405806292
3257505
434924002
68152312
1248536
17682786
7372871
526885832
371870271
387447121
8016405
490990982
62029178
129314030
110153490
93001246
4115511
75325760
907924
18094292
12452086
104787334
15615724
1099793
3151326
465651962
968867
1141679
73646354
17442625
93442434
67567464
71232552
454363442
4253538
3098267
2148451
65545492
78987451
53209721
124220606
3002365
66839183
6745603
1174011
66242024
2286181
104014512
91046875
119730128
126024209
46435361
115707242
1049923
449446662
6762024
422835882
134094410
2305730
3742842
13569303
145213986
131677006
61723281
4095740
352179291
2740956
10202479
71522392
15044248
6907354
7296687
17608830
13073002
684109
13842047
62918814
99029062
111725748
88806511
90277489
12724846
3140975
2374799
84837683
619766
13178613
583690832
43340181
9951183
71902319
111027328
102906836
61287079
15488969
124996162
67446407
676175
413746712
112889768
680379
139424067
137080192
3046428
131225836
17730533
527817871
14834534
3163877
74096968
80121626
79964472
117912496
87369811
540428
17820178
106309056
101395568
524827952
66923829
71188222
128877086
104285596
382428831
14629132
4274022
15397325
87544815
77916046
3196856
3117822
4210978
75212311
4207177
559356602
17604778
142082313
137725405
115904756
2534214
138398609
131794056
70697234
79520396
781018
13145683
88825391
5404557
135594426
129030474
135872996
59940991
144545124
14539827
221740
17612500
3070564
61664384
1090216
5495813
129568028
89136623
64074731
429204042
120971412
65446374
109335250
9809716
532407
795224
3140369
78399577
107744176
3121755
22589301
80112340
4286585
4301039
12270393
105355284
68621355
61289022
121801644
13779057
406815322
79124771
552388
134177182
61643896
566197
452885022
438741912
143170510
73284512
62956806
104768246
83922051
81532182
86341439
3119231
127748475
292012
1146543
70562297
383543771
547535
67420594
68734596
241034
63264134
63006415
5453903
5968204
2920971
111846830
135329890
565588222
63420327
75794633
120836546
69135863
15254274
759543
65395550
630374
96466344
102656742
2520233
9440525
549758
138604237
97973216
100751774
100068942
13791931
3100517
72067636
13131862
393995632
534508
137727929
12893203
67692410
72127854
113475584
435917472
412782672
5974908
3241656
62408747
5679610
625706842
20324161
14068713
935018
11519643
1601661
3155137
142417085
71099186
15441108
17476844
14552289
68470033
71699939
86921769
78016476
90823309
62933487
2994503
804845
17099645
127592223
373595061
102588836
88173323
16090944
141826581
17873534
551404632
33019211
1584478
369110351
7261387
13132308
100733046
2954706
124600882
74427072
85508318
102426830
61142294
79085141
417518492
429886362
63480989
12175227
89845441
69473204
81205174
65492087
10175557
5754463
2947210
5612141
16140970
3112220
10351439
7226117
19444331
15139772
114065290
95730854
387149541
4463699
75526540
132036634
64074657
430280252
429125262
17946353
17735099
113424654
541265972
1121653
105355292
375662251
594917
73247214
453959592
128023213
142378801
74688303
113366542
45673011
2172548
140761579
14245705
16231091
125018008
540427
142337317
3835675
98769756
3098847
405187122
581935
92768152
6823885
16295509
121926872
1137961
13144304
78129627
497479262
5404531
98327832
3159436
936462
347090001
129259536
4134342
89585265
88252825
3432595
914014
77908599
17479972
106746760
569247262
74816421
424565282
17135096
5519798
100733048
118425612
3841313
17074759
106120440
105011274
80884814
32142121
548054732
95963368
120806190
76057652
128631903
97842026
15929307
393896592
617163
9975788
1340446
61915570
32105731
52856261
109701036
82242198
90415423
439067102
424567642
46435771
14461659
124862134
390159101
71927594
552403
13176497
12565424
115180790
71090919
109517632
120836910
69743415
68515134
44997271
427553162
355723761
415238492
69666603
10209314
75739866
62166931
71645438
463394462
35781151
442451162
17681690
75281549
2498885
91935612
73302310
11974559
4885434
13211609
109844084
438702902
123679556
88328691
5869384
120309900
65601869
105486338
68171062
43986621
286580
2452707
7856551
662779
144444566
124603468
120036832
3242060
2423188
88903023
13146474
63472090
5094037
135817916
13131331
61103071
75300818
535204
142334711
14669262
376550941
72104579
88715653
96770646
106636048
14176175
1093479
3105318
3155482
407106872
3973493
7703889
3090067
17606172
733611
532007
5979792
118899100
530125961
369639601
19787391
88328773
72295307
510539912
13160058
17786535
13129923
17232257
484601352
4585482
7165134
4224655
72387089
1583108
10984119
3110850
62077414
3130552
71328626
14245678
3780534
7398947
568099
12573027
564952
7450899
4065666
144488696
3634811
71428275
910627
64377019
3749198
3087830
937951
10597633
7721587
78475870
73187245
74548879
68075458
120928674
436551492
10494826
66764789
56903271
102578128
138111935
4848221
15105639
69959816
7512063
14500179
78656632
540002742
17937549
62263944
121588486
913942
5278039
71171823
70279897
3098099
58377811
66337570
23913471
58104281
98237478
451895982
3334008
137728125
78213535
937267
581493002
72332248
78508323
413985432
2813982
66621272
88970603
624783
4211756
76411962
118581226
61723278
548196
2457295
90258135
536398
125606538
13148328
61999250
16211704
375076281
10357605
63264142
3151319
145052112
366148441
113382694
65690449
107690728
84151895
80715014
91903532
451646572
65586905
6953015
129473380
67488100
385600751
83059094
64494331
3136392
81404752
17606514
12399763
74173056
11282930
88897851
1055677
109660228
2314471
1233862
3099825
144204692
92991474
87447389
1578992
3117869
45076071
7164424
1165703
74736779
82750046
435477392
79567052
90630493
9990178
80180414
107837834
125971811
126755529
4198567
87317645
13142617
3959411
882931
562885952
144385312
98320662
3097448
68075581
72575955
104450536
31012171
135724248
7410987
3121732
76019346
1583114
370314261
119247550
372299331
3089034
13839328
483916652
7337143
16993630
144693828
438840752
1095872
97714558
86672775
67234853
61723632
71542371
92872160
34180161
554384892
92546286
2936707
2851049
85963015
383774281
62894197
3257507
18227778
107265536
89505069
107350846
479772972
62951089
437448942
456149732
15157257
17545242
16645290
6411898
7408112
91580130
582250
380154251
3851861
70699233
76906762
560320
1173627
469600952
71725320
141364119
4168629
70386517
910851
3002364
3122974
460182692
106036530
16578704
3141505
80105574
678388
22944061
61638867
17862297
2208316
6025488
2967721
82209474
105228360
17795797
17610809
132635834
2954681
78045822
3450534
551679
19002701
2512157
109291510
4254261
20288501
123823856
84564789
74088366
80077282
67234546
70775764
2518932
6048701
113330350
349788751
13072988
95930614
3107362
75442059
686020
346789161
79983540
69221815
80678348
83748366
63104237
7010056
113946232
118229654
74173074
3848184
353470291
14250006
89076363
7706033
376267461
91943944
62652680
70093290
396536482
4878508
5081113
112012256
3977424
424463472
12901837
79257399
2320381
3157688
120225486
2527501
80517828
552369
92722970
548074342
2261792
65101373
13659225
3110852
17451541
132783600
66960171
138228039
561690
71215995
125624034
14477828
3428781
70445141
77837838
97535558
5094594
61638526
53293041
490905002
78233501
63334700
78951583
142378761
109562018
16411134
128973850
36757911
96324646
911682
134185624
122722046
13789081
15175530
2553114
129632228
124218946
14456291
144830612
4633186
1369711
10245002
84694349
374131041
17329824
16197304
77925585
68510262
369043901
7275454
71323355
5657993
908451
12180203
532915
142335557
76881427
263326
3099008
440561352
15591550
70783861
924410
354073881
4468304
416766342
13139457
379108131
93352696
226508
265142
13586716
75192190
94978600
67231606
369661491
1175429
108217752
70045135
1125097
12785894
13722587
393207872
380095661
7188915
9997935
14927135
81960098
128996606
73756037
87126469
29770661
1137781
15597946
981985
8102898
454357932
84965601
414582302
74294996
383803961
34948101
39544341
91293564
141828365
86612657
3071251
2315252
102949000
139872739
70059192
65227252
97759784
66603960
60901413
119849602
72379663
79589198
69879260
71097063
17135102
2919752
2459538
7677803
906582
5799202
132364440
94184748
106152696
76253017
15272584
7332593
17168782
2236513
28269481
2177300
134061406
61915577
94310178
1573434
62224829
76958795
68515137
60733834
137232276
70562478
97956132
392771862
69589798
86312577
73526356
2299660
67526509
3828669
62072097
35760991
936893
15641322
18034778
4253532
521601842
76101968
63424927
139863547
361256781
17135121
124988894
901067
133204796
443844412
3339680
10245001
4218717
18088992
103388216
371739291
64760864
6443767
79283107
63459811
846698
117960244
1167445
5664176
2795614
854551
92651368
4229227
7314581
866181
1131133
362777221
98320714
131233178
13719985
106205996
12270345
7555558
55853881
66868400
65551831
549343
69002051
6720555
11974567
87505219
37708101
2527509
2185082
93282350
1369702
106041934
393512402
931489
145029632
15543742
12744679
61105276
93994012
1108336
61637478
3873978
3730668
73145938
3071256
954788
68734848
2702363
61239666
6048616
79162101
17135090
567679
43816991
5150036
73738684
14615774
411447902
7270278
8029362
360945771
131228034
416870462
15318769
105334780
61637449
15936577
11289088
3906989
15597948
137215072
3851969
434065572
866393
456149752
107383536
469645912
70417946
113975596
104540246
68936060
438891322
117690576
83936995
76259109
77892527
8081239
434882502
63617189
130113321
689479
15666457
128421145
113414050
555913072
66839181
117619726
78383415
3135726
7488940
69891896
16235816
1177867
69107572
123790092
2591090
14775491
4162085
2501198
3148677
81404758
4253553
1184182
922183
62637518
546301
459990712
61308200
12270343
67597874
16665320
13816590
61874288
7703936
541848
106095114
145437154
130007878
12325076
87397473
2503063
452696192
452731292
72273831
69214613
601424
3362426
2733680
398102192
91400136
403814422
13463421
5170991
441452652
78755229
7827696
25522371
534982622
371500441
4209675
14063187
70388955
131980074
12619469
94105896
140295635
126156145
2283859
3112540
62146770
2994492
404876662
67594131
135929740
559415
10101750
79525632
68152433
3119126
70266760
563718
79282223
62754677
1167968
2317860
130856338
608778592
16457256
15650938
479400992
13179999
112309462
114343522
455459692
3410796
17939437
136869762
104622072
95940170
17021631
69662617
113417400
5179703
85440396
139100455
14927757
140860381
14193950
137238844
71328630
62807687
127248035
4519822
81279816
423482182
65452723
134032196
7599933
69303773
535419
412880992
1156898
3122712
9437186
89845209
7862416
25880171
486316252
83991859
139404725
2370894
680627
366391121
383803951
61723071
81077500
121593424
99228920
381431861
131218578
914791
16219566
371953961
104488188
119668148
98260000
65554294
85773205
10878079
379678501
7439951
85575198
452829192
635757
82538344
10006345
448298522
434591592
7779900
4709958
12226386
65212070
116944956
78525168
101839697
14130872
433935132
2317849
897633
13869734
100258492
17330833
71131663
370931741
139872735
119247314
66314860
111107280
135870190
72914231
7675919
76543392
4253419
86953573
5638164
7936629
92884634
100889634
6461419
72398845
92141170
4288322
90250633
6575059
78545628
105005774
71601802
4157313
76438771
385049461
14737958
46716511
93381582
7667264
8253493
16853881
548611012
66020857
116897604
41149891
424530992
17978520
144535006
413490782
10214271
119873852
451654362
557092
32332671
89868689
70051866
62083053
93082200
134135472
12000466
630391
122885998
4519469
70051869
74816417
88806553
921721
65768162
78449153
2179183
12452087
126401715
3152786
422234112
15610734
14176628
89063819
134533194
