82257538
112264768
99317508
129149456
114395180
4167841
561863332
13499104
85504204
12791878
420890242
69796482
138244817
107541556
94524864
555640142
97235908
134946650
66379618
565420
15636813
122435366
3148168
69730416
71245289
75886543
3588445
140839899
405506552
142778890
68953564
428308962
105981656
65732144
136889408
4315310
543575302
90213409
416560272
107471414
372591901
3120612
4732799
16202379
481510402
144545868
1058153
15773234
4162078
14256142
14164454
144388976
140344349
134481678
3095193
103365074
374006621
425662512
87961311
461012702
122552782
454305542
82265248
3155135
124893880
610989
472898492
136340734
95963370
76543368
14477354
431481062
72059729
15592555
563008
117726864
445238202
13913367
140850467
88379877
481416332
137204780
415278692
143229170
367727681
106257266
86233459
109701732
1160971
116245178
89310463
117104288
143169092
73219998
384010871
664107
28877401
472992622
920082
67662071
73913591
383834641
66608880
510207802
680554
110955880
2961024
2511971
77380959
68884718
410098502
2450613
905711
61208284
88903445
138000531
105863008
376480961
416477062
380507791
15636336
126345949
110451204
2281125
98507886
5404548
82729972
425604742
408668592
3055975
8146639
139102823
4197797
122437314
474046422
15489383
17933679
7675403
97998552
16418245
463215102
127427711
725261
102561040
475124372
548188572
2157417
89597763
95964420
124150522
422496492
367735801
354918061
28852851
3133833
92213556
15531170
124606176
13749633
2518361
100479474
145429536
99976954
71459017
5639255
122882220
103581168
364957381
490589082
417336772
118534514
62417273
64281382
143782388
448184082
85236320
609298542
71220746
7634922
78028539
129309208
369426871
123242384
1183842
9440117
9489156
132937448
1138633
70082986
67503808
76734219
69879254
5931803
398055762
378319071
79543160
429975132
71171865
82120630
62070467
120674224
354703401
12186660
130696108
125513632
103139834
473317592
70631675
106218092
65723647
133143426
61421428
996082
88692367
399042432
425662702
63041833
120402256
119434808
124237488
602353
92719900
6907162
67322236
2450633
104223596
3053606
80276126
395143972
17606637
144958910
13159656
362279351
64471364
96259784
109705448
68788691
2793754
538098232
541387
910210
439439012
2550600
511038152
83083294
131182450
16197305
78106684
145248226
366757211
72717420
422942432
513195152
69506316
4225613
84564883
80884844
72391752
370694171
64979172
15391618
427542332
4315319
66284856
423029872
2429775
2920481
88476311
4119476
129666186
377343391
678336
12570985
135893634
906628
103287700
3091992
14414646
125972439
478896432
67238739
3156389
573107172
106095092
678894
497778812
2525869
67563951
62471655
70389820
485152432
80889258
2487331
459488732
347385721
6488043
109703512
14499491
1067383
116866560
124990586
61142291
412058942
496369342
471398872
437290402
886428
35088291
672770
13547128
80133270
102035745
2166346
83837280
13129211
3127743
105804608
124526598
7923756
134900736
121696256
143859856
1267565
92720102
700383
134525902
2428523
116348464
123657162
786748
2397026
492380622
106123620
4195721
3668094
71999936
144333822
91384522
3164953
674711
3754400
606997632
134372412
362270831
128546345
8930372
76244420
142336921
135026562
74077843
97459236
6177415
425599162
17916221
97455436
92352286
694606
15321323
95447974
576431
101151120
5414332
135374468
383741911
13650931
395326072
119030624
3164701
442513022
134095456
133062652
72003384
561785
74099064
2160845
629760782
89701999
513645682
128794897
604954
379609761
487061672
5081557
3151317
103051040
78106726
81411112
66342610
117104286
119437182
141827413
10239544
63094581
536420992
2315174
2263033
397169532
506283702
61002678
61536762
6951800
4195713
383729941
1067076
4210844
555755
66506869
10584594
123788270
135371090
75526534
498316592
44586851
90780423
684718
15546835
128096023
66789513
94664198
120554598
13982006
129311206
103429026
105494278
357735571
417653842
107061540
95680840
145415166
67692415
118669282
397113302
103635124
74732242
422208012
70036206
112854926
725971
1142440
936899
123669746
102208938
1135922
434190222
141509843
94467546
3130292
845621
60840057
561856382
4736314
94312604
4008364
99360002
567649
68116147
15587465
350151891
787169
1178340
94771334
358006021
456616002
393898362
364951
4538913
143602136
131351880
2285896
70046332
5981840
392906602
7613150
4307634
82380104
145000990
65938290
584661
135870024
3129407
69303686
144995592
144535402
72545945
969494
69648365
67867641
3130433
70800604
628266
132458778
460152592
91772170
2430050
4585472
98077404
10199905
53959111
343985581
374205521
3093997
370862981
78560282
98316890
115028566
7216941
13724927
542186022
622552272
678465
94999578
71828725
119437846
120744720
86157447
70562302
16149860
71590748
10039342
374006681
15640851
389879041
3928642
6594686
420827872
9938233
99625806
65441650
84118675
69144893
73482400
117773554
469425822
82285672
10357223
582252
69001877
9806802
2797087
76535367
129916020
75526543
370682651
102405616
97447734
7916517
6435712
141827555
398940892
98571806
65626657
546826
78239738
125525522
994220
74872140
15689699
132935898
62751648
13550347
462396762
62270554
344932461
3135518
858977
346701041
88611955
3098301
15613379
110806008
4244854
4762629
3110394
562455
559916982
9909711
12580545
906646
69916886
369187571
82410902
435186612
404906352
14235829
409939922
3100234
535418
485184162
119253894
78527796
2511224
125056774
8104841
121953952
117402962
135372064
2907913
16670786
443060772
3327383
79587594
372985941
68264403
2238145
3113470
76505297
2150299
124993114
393914552
7718552
1184308
73696394
69879253
131340580
1105736
499985212
123883254
397603292
6100060
79959586
15437791
2166398
62724006
79727574
725965
66878425
55003861
1559717
65396337
92818800
117006396
901642
24084401
13529559
2203428
3824710
3056960
66221595
85567540
5323495
3157553
142433061
14629005
140853319
5093637
3119029
415645502
2285082
728709
71494445
389001741
373362011
10500243
13913372
64734097
2509178
81822316
3090887
3968763
78184141
565656
882293
884025
365750391
138126765
6635899
398897482
346854571
126534883
3138832
101764835
422283402
845622
7149041
62724015
145471520
366297871
460141572
69962764
11221314
349207121
423576802
571442732
987886
95968844
104595916
72856678
125969379
93525924
99198936
14405186
42872151
16091091
137818617
1015879
5817089
423083912
84118673
351615091
1142460
526164052
7375556
386363591
107369408
129636454
4311272
84490455
132136802
127892261
3147989
576851252
142337677
74307828
525939
89077407
15640853
357737891
1085495
28981721
4105958
14533604
10303625
2847111
71403230
109713882
5060528
437930362
365331381
84709643
416461342
497152162
61644206
64549243
125778885
77183271
482603292
116348596
98408436
2677052
95148380
88435739
46280411
62744398
7256268
4602459
70205643
490080462
61329901
12233072
945411
61002679
397112282
2921311
142080217
90408887
88740071
984565
95585992
14525573
4302194
552212
65938282
357851051
141337429
776259
910273
137729337
413807742
3135553
93653540
347015891
2889763
114778860
70584818
786717
3098844
472898522
61142297
13438425
454278092
93026294
2551692
122438728
112856766
102027649
106713896
68513563
90632835
89201209
92983374
676576
662103
412536662
563085382
3137332
362786011
353615271
3826698
61397200
358636841
65723649
2114402
62376277
98174724
2251077
6611231
60907047
8011856
767430
119030622
887531
14299588
386463411
62118993
1572771
398524892
15372241
112311120
949279
2466305
130414756
516351512
144849332
110956542
884030
78935992
1143521
5250944
371630071
361100041
446721262
910474
17332922
112667490
13277685
417131852
374051841
136404338
81127294
88712813
4602455
4290961
858371
15583799
102852276
38987411
7857234
125544664
386981531
71828722
3138819
66480897
676847
1175615
105993958
3613560
143778678
69879251
350423741
12292186
14250002
2517535
94664176
128427825
140252261
13787877
408868882
72574837
1195560
95923162
458163052
86116271
118282534
436480662
88003683
434845272
382267071
17347983
379086741
900832
60742360
66190258
27552581
589628282
124893760
863103
556149432
94687724
526033292
3829297
69465443
7546504
75070408
61142286
884756
14142524
111487814
95057442
79592232
418259022
925829
6461684
595926162
125534386
14259330
70800612
663571
58786641
136427084
64184816
916380
2464505
32643581
107115922
13131052
936997
100760874
72059803
110953222
925118
105882220
83756376
93220718
14835123
101935767
73916148
471973842
63480991
86562811
412568522
129568036
123073540
5478216
628275882
104488178
569420
110446172
1103108
64402469
74406813
94274666
908593
126911397
16126885
3137509
90248145
366297851
457299832
15738365
124992410
1115801
10199762
373219601
113983416
499988792
393705402
130133067
104786806
124204120
140481345
4677572
125536790
15487960
3755239
727544
582695772
67294772
107351022
3169189
134881860
97956148
62766452
70459544
581923
910534
3821908
78017214
15177641
98004296
9793197
1120924
406731402
7634877
68240272
125548344
70506864
2296791
13460265
10006346
75168288
133062654
567965
95570644
76542232
13247451
2204396
75749646
2801132
418245752
73510197
521607102
346727981
79587580
914493
44231001
99554816
62847142
118864338
106095102
7446556
61249503
1172324
953428
680545
466704392
11011578
142335481
65225852
82251880
4709944
124603040
14299590
92171232
568120962
17422308
3614124
119364636
119875952
81636424
121193412
13651705
10240182
144389058
70274254
77010073
68963743
62083052
123783366
100587504
13789082
366453961
527513741
582260512
65723648
17561430
74525091
77387146
12266095
62070481
15404852
80276298
3151324
78328510
98105600
134523166
553056602
963098
15347259
74440142
119436522
75980652
103050940
66726089
129504802
56890351
906864
65759926
118342908
105286422
632276
109560118
137203478
142477297
13130861
425884042
431277812
882290
382379261
103305926
6776987
962165
373384671
929557
75535441
13129751
376480951
103029746
126011313
434982362
1139793
1036586
129503248
140634505
52474851
63164722
70962944
378515121
135949706
925653
134954286
351669411
2124880
138241465
122927584
121604738
84669141
135875530
92266358
62723935
89077555
2288470
121592908
3829138
129309410
132543462
36868271
87320307
68950957
11221313
2606229
396458582
390071071
2925396
350802071
756276
446953172
597856
113524342
3364368
70322132
72059773
94811670
4762041
102792962
393116082
434472562
78527813
490726842
1019524
13144279
500794252
115873034
42938381
389635791
416520312
84564987
3971812
3754406
95611894
131182452
144572226
1115061
78017144
541867
662099
17604619
13543818
62724005
451345822
3120678
71955236
76159511
143053890
370961141
434626342
1113001
139876479
513051692
78213566
1102418
4640028
860840
378515191
64039357
386530311
99938824
76376889
104481018
28958611
399084092
354311621
463128892
70355612
394929402
426445912
412041692
520778022
72160319
3248376
456076142
2122615
95505254
144944866
118807484
71661567
406355342
906572
45544531
101715623
88936733
50436291
90394679
87371673
2308590
75569764
1008314
14748633
143151776
735753
68973385
363944621
72892614
2172896
84792119
71238363
119875908
13816436
355724441
94755868
107061522
4300032
2485134
397413772
427556342
61466586
80449442
15697864
4089421
95662840
102655104
61753080
16674941
2680857
83740172
885544
136336110
84253691
144572224
13787879
75812943
68950968
92829314
62723997
457086912
116943702
451825062
402867912
15556222
124995632
764920
574731
104999328
70206822
103141314
87396809
77379817
1087618
10238811
105354074
13141070
513579862
381579941
121143938
858207
104654902
132265704
7779752
15593563
119364388
912481
107184118
6628158
85181720
62826428
117708444
134648274
423482062
2253979
397169552
103513000
435175512
449537242
3905059
382149061
94488828
372591971
106411904
99214786
420355352
60765507
585109722
70512227
3151772
13100388
388731541
73724284
4209626
905697
121921386
404977212
4311594
3959408
14499482
80180630
15049128
58069921
11295691
431581762
94330880
585343
121123256
355905501
553056592
686620
133346530
16401970
125969401
439484812
2961498
142433067
1046302
65492094
5620720
3926869
1287213
74368660
487921702
500313352
77045434
424949562
82100702
2838140
61424053
112662382
420364342
101173984
45544491
8081451
105077892
71483069
3137518
953097
75812668
346493181
1126602
1109835
144958746
143034080
138609287
11232754
7282592
4732995
95422356
3358382
71590758
7677788
489063932
3579013
1183250
105710118
421100932
1174600
60742299
142335443
10545921
69305455
117731684
138112625
3366890
552381152
556325072
145268496
9938229
118993630
732258
137728875
72933908
460301502
11058998
74111762
79164317
76901451
14013136
461393722
8086128
113475952
500928212
137727911
84155853
135203384
16506332
500631082
378754421
4311597
1576424
72371355
63460244
1110887
14932098
121970224
105286430
142820632
383681201
1115274
134527362
102579406
417951242
2534614
9862376
4733673
2298089
12906052
2114406
576851222
3135556
13569630
3155479
3200804
896181
2674459
143661004
3112307
376475801
137740117
78385309
96824112
452717752
66853804
107819082
59668451
122447460
132286790
111780484
4274002
367891961
105804664
3099001
111777926
84123771
2168810
119140310
382917221
109734490
401358872
369613211
103276202
3152603
4321343
89134551
102242728
28852751
99341620
3112221
114627448
130410736
370221651
394674332
1575472
1183887
424924792
89386731
85900443
979050
855863
373061171
411596582
70813832
88738985
118195184
449553822
86121377
70584825
2325908
2947342
75955393
61171447
7292420
441661602
62826429
34604251
569364612
123218862
558252682
17347911
397746742
1107826
425940832
413386632
598605672
120817818
13544758
355722881
69879249
80926864
3117895
142342693
369643921
17826508
118294402
66190264
675582
45544521
3167699
13161111
3147914
12446446
73057623
6461431
908441
3148345
141385159
3104092
460525402
69000007
17422166
461691092
140852583
3148350
1183793
79053030
3102191
79363289
4603400
51300481
366321521
1105733
3142379
543135622
79667826
75945302
356130231
12292189
551409062
93029962
348501811
2925107
432048612
456965102
113945666
80648074
6922865
140285695
143867012
937704
3658597
619310
120178790
75149096
127245511
15188883
68094695
83938273
76384675
18348281
354918081
2796446
31050111
350086251
561836
413690882
109700646
12315335
142748736
9438906
9961230
74173064
427230762
83936983
103919054
17829574
93312214
393163962
2657834
3658126
98545828
69000458
78799028
137209148
103670136
100061660
577945662
4220304
138540045
61700649
608653852
426703702
413025652
61424045
65611690
102699736
127245881
3957741
400780782
2171486
11616280
823132
66730183
345376751
916339
4763165
467229172
3129406
436371902
36546511
10260084
7826604
120557966
17604910
85909199
71689538
7512052
3099868
79466947
411983792
397634232
120806854
994228
101264042
1145125
14495589
5277423
2445983
106095096
867061
489683472
7675130
411474482
7146297
469763832
617782242
685982
140338763
79845486
1137657
448298512
9992401
36323431
472252002
83151610
74173047
436183422
79185293
61108929
67563965
452730632
4315382
102208898
102417226
389034231
383965581
63391409
110235832
66315547
76734221
4094391
120531358
3511916
6410074
30773001
4315384
79416979
133401340
407475212
880943
38427431
2171508
88865531
516396132
76066031
134453478
140421809
67526138
137815383
355700711
1574122
687988
143182566
79534698
71511142
68917073
983450
99241562
357576541
581375
4286053
1172330
2244834
145501360
1146011
911085
101743091
425450562
434901942
118190314
1174598
402322022
143281910
64821459
103097358
7675129
370968801
121061416
89707561
144154406
6627454
136371188
412519402
140775139
888118
140421781
886444
60742352
606659
1160972
81719612
1163573
376997691
95265356
72057624
548348692
450114522
6596816
6100903
13144759
4097332
101619875
82812662
3102475
501223572
4160021
137727921
94811666
103051318
859034
87321237
62847144
102874182
3117931
18063018
3365759
134465856
114395830
86273177
4006595
3819908
67563949
3164155
1161682
417195132
66561409
360302001
1025652
16705422
75789414
118068538
126412101
85838797
117301600
92872156
72823271
72544950
7480794
7332944
381085791
1139796
12785828
135373512
72521506
123832280
71966847
4619462
487736812
70334157
106713886
90048267
109492032
4603398
105298962
3167888
447552822
68116160
143848116
5094211
97459432
107744178
67795287
68764388
95683306
94415470
136241538
38290561
84268167
106095084
9838135
17815482
598249602
107715248
101170496
3135034
725616
119547878
499988812
7419123
63914355
4315378
955752
84792099
70274258
3907803
66539314
72189644
124889562
74461790
349790161
133584064
1156132
88895879
86922279
141457059
126998733
79942796
110806000
68018874
5925775
368584891
12343171
80274512
1175612
397047242
143170672
105286432
111778724
2847559
1023987
123341274
463026312
97198278
447783222
90326855
77724870
130484710
434610652
472992572
535600192
94536944
120989056
2718430
1056919
78479196
141822951
394886492
2514692
143606890
906716
594649592
88936739
56893271
107233784
107465566
71630476
1122153
12226253
389076271
109705154
7256265
73297743
61878665
3822464
1088130
67536742
110805998
123940422
86157497
510438712
381297691
133062640
78941875
497468732
2157406
1161008
873558
143177464
831294
84791527
10260073
424997312
1165301
141339371
1158202
2177862
723836
95447690
554446
546437782
122884820
3100444
600346
62692621
128605213
109590416
1574660
125968123
408728072
71059074
916455
81366298
129011936
1117415
393460712
542053802
1105721
7303269
63185291
15347347
2288219
65444691
676171
73025475
12801783
401788522
1094516
12316831
127246871
4125128
470202132
134036212
102994210
732461
70206830
43816911
88936737
2449115
490973512
46226521
12026991
120811676
366056581
70274247
443068182
137727925
124566682
375779401
352027041
137882743
353595051
84363321
502711142
1108115
13111704
104337094
118094796
134031778
1575375
901540
426572052
530231361
13547838
