97685938
519983572
381080481
2040519
4761589
69739112
82644478
129314012
115513782
68854195
389912521
106881402
629895182
81292160
27131061
129427702
401472872
11236931
1089521
389354661
86489749
3357587
3146714
125793801
100052812
103811832
3543546
97897352
541862
95244004
115705678
434740762
134955668
6258383
411701952
130012250
2219982
79524340
541418452
127560539
435796752
414694072
388735011
472898562
90673363
425973732
90354599
3051178
103726676
503026542
398230642
17199793
2527809
14497049
1171187
74524924
11805669
444737092
75778882
434192412
122703248
586163302
133585354
90245121
5278020
582242
14243670
623060
4845594
65356216
68953992
71668229
383765431
86036257
93477536
80591528
89876789
75814713
102172430
2322228
883658
3147641
119526052
416583362
68686013
385379691
104083012
2166997
964685
2122529
76734209
102365838
513528152
77377369
77834661
485914942
113985234
123184058
108692368
350720571
14882624
370793671
937334
6121046
1109745
62376288
448927492
7798411
364702671
135924814
1093562
2440661
358607521
443007512
78967506
400305922
12656560
75559457
74816416
55613411
354045761
632277
70445153
439228582
125600952
366449201
89903993
134781030
581751602
17939574
7390333
97687012
432057162
68350112
469715892
596011
446461272
101819685
63790891
5278001
4069392
968931
121194830
1099154
101782361
419756892
72363393
601797
391355602
72787795
531666861
437979112
88846781
1143348
142610360
17448261
579934822
2325248
881478
107805832
16705459
76313530
358280781
3941159
397223272
2732153
67063939
77843358
72294614
73945207
17606679
17434499
104818666
418274552
135452140
401747712
572916842
91345336
4289176
134709694
1039686
581801002
17915008
135373828
540955932
385249151
456413062
2812310
145429206
133764546
424030182
98027786
975144
64381511
77769926
132716530
98408444
133059120
348916551
13147974
62695479
37149991
136883238
120024178
66315447
4655290
502733412
62894232
414696772
62891831
134084910
1101960
111780300
143782678
78349344
366441511
452783552
450365102
936861
380536231
119874228
71037993
100217436
138123337
442964592
11441713
3754370
4125139
456840692
75147406
107816408
353577391
144129622
373297871
145029130
68945632
3155975
122490104
954946
370498581
85838255
497479322
105286420
106931458
92141092
110081672
17609422
105356142
424518932
1145127
429975062
103445136
348916471
91599984
608410332
141934737
7675650
438359212
74517663
67234557
137520912
88692579
139116529
99625810
17605238
87936879
499642622
4217498
87335271
143040222
121595534
438865442
439106032
143169134
66622061
1087071
576844
352129691
109690864
140371055
416504402
97366680
3416951
6626613
75980156
509697212
66957208
129134720
102683790
474918592
109707978
404310102
90305555
126364573
65359528
371623461
15391617
2289259
71630558
400055132
46534131
93442734
135369698
1094517
139506163
422115142
134844374
71444765
80870186
139419603
1149832
3129691
109170016
119874164
129104788
89102819
142832654
63435619
925956
4315254
143533270
110081660
76984092
3134018
432523662
98901640
5400634
358715191
71105083
63426629
576863112
387526511
3166052
369184591
421445692
350027711
374278231
77708477
420801252
91097925
414914202
14876844
122184824
81002278
5135673
906587
351485541
61109998
107267184
3207243
5897219
71347057
85203042
75388164
65297521
2323295
2168095
540036482
924499
96402886
109258288
113099796
114395834
84763905
91855108
394148012
126372799
3155397
231820
944878
3532655
6697439
365265
379195011
127247029
145343472
109864148
477391932
89845205
142433059
8086132
2266005
123279026
130413568
75353928
397729562
76543391
78177198
931338
125333404
61697703
850490
44112891
86965711
113679702
85454318
475164402
1098198
14697946
66657814
435800602
105808938
596112
1176435
426106922
84855675
604032
102208704
44231081
447962412
497479292
85564924
2156745
91414170
580796402
117135348
68953819
521633612
120007452
6169823
114363320
112662276
599715
3011588
114917970
88824959
453844272
390619461
948065
130751142
97149324
99585962
363618721
118424926
414679142
106992202
126851119
78733994
54519751
348659101
10199903
95375680
427351702
452827412
38136831
93477544
40889811
114811590
74441173
400431872
62376339
3164176
361484121
423147842
77380872
114438288
128333637
17416529
502364042
1575055
93483940
62439113
63694178
379772561
4123014
83385596
453659182
345952131
106254784
3129596
93855572
12906054
6720549
108055722
61396631
92818796
66887909
71594264
3141195
4763166
15914062
401592572
10285015
71137142
72760008
3138710
135973752
360184711
414367102
88420213
418259012
118155864
14886639
95148386
123886250
411598162
88328615
137724599
79641294
13242000
429149922
65339292
6811997
102628686
266784
95422354
138626973
136332674
410632192
105643420
764382
141138555
137135438
137258698
17609443
64906348
448496162
389278601
794736
65583851
136215888
87651091
434503422
10107866
619622
58075201
1573596
120152050
112670566
61860869
137865209
136370900
586402
4087305
134524066
61874303
121179318
122257766
409498002
14573151
106904462
62293836
14629001
88328747
3140383
56893241
2559111
61629180
114811592
115443852
437147142
14496774
17599931
357105471
634358
883650
13569427
3489606
68757060
440907082
93088386
370178641
576154702
78859605
141917427
345377611
71645440
16705444
570111252
373589001
506246932
13733148
109569510
408823712
15078241
407128452
409475092
462903942
120351980
17605366
120376686
73351966
78516691
6461693
71078417
97342156
62935019
2658555
523305102
263317
70807169
425607392
89067555
90428589
3285945
4180396
883778
18063163
420702482
596497
86040335
3462869
376195921
351664381
20132371
137796615
123210948
459977242
450931102
537076312
121296152
84836389
54396301
1115624
1151529
100115064
1108306
76539932
625836
105278286
131293706
388642311
114391222
18091662
3041865
14079123
445245392
79567450
627658
11918965
380389921
17605372
439134912
106234404
140931757
86917095
77849400
6270472
125944845
383792601
396246692
438905142
103152374
13247487
509957752
125969403
14499490
2124764
78110777
456484852
368993391
455611272
400306022
2430443
7256262
435851412
14245771
91084101
450880432
525063662
130778962
2248424
91045659
3875059
369077491
3851832
18047175
453904432
2326556
619999
413413842
93416570
111773362
438359192
145101258
76062816
416700362
142254437
361484251
379073681
712063
3881672
115079174
94535882
140930877
92491430
4670277
5278007
64405027
143410420
89310167
99959560
38294071
144536760
118660584
2298450
2577952
4672493
563134232
509616162
137325268
4274021
121748272
139219665
450930832
434087752
909884
15773037
372456951
374284741
3102195
78800153
542244172
3102858
4315249
414037342
5592970
3135287
17633126
4622583
388889681
98701708
129632334
30777711
12343341
115066978
507002412
128100885
62570043
70562553
62743214
10287296
4468146
7117040
104609438
408868902
923949
12032051
69808478
93208876
108851692
415887512
92387688
4191723
15680225
988576
6612228
394432432
445089842
88739953
5639047
1151574
7198203
372087801
75212314
62724018
71678142
93996214
263316
69559012
398774112
392153782
482986902
417460642
3147737
2525505
90823159
514852012
475655582
425686982
36529721
144764330
503132632
71090277
94927176
2288314
563850
117376876
64000426
429975032
79537936
13792619
134518658
142824176
89845481
92870714
13247497
14955977
79545738
126436189
95762424
423222602
73639283
350594411
372679451
16015038
1125772
886320
10260151
80636624
79363435
788532
78293152
13245809
415238522
111833926
115824718
104519962
2953168
12000049
77426047
71137172
19891351
14552000
69113298
5843726
86953421
9997198
75502847
84694345
394026982
82676036
9990585
62724023
2520942
426548472
75314365
103804278
93385268
130609324
10239410
424572522
73696398
359786391
1574199
37191341
2249235
103140314
14681038
91312388
13237296
675818
533945362
74617715
574299322
447229582
423552442
538099312
6446910
353327051
116535580
62027955
140237711
78710120
831253
85496298
134945416
65372358
12759007
65492556
126844203
73946283
80870300
77406191
382579471
78176953
370314401
17692184
538825
143235234
1354295
62156853
66028722
16310154
451684492
142433063
5336892
126448711
127325863
65101374
107507596
596063
411556072
142832896
71088803
353595081
101062856
404463102
506286452
49532111
7420775
3134163
87395581
511753662
429204082
83938277
75372562
90250617
68075583
981988
63015902
905077
69440663
4463665
77134827
885543
77771160
454627412
692651
784380
969207
88670293
69466071
76500513
106988610
65174012
93557176
63103296
107878890
70192213
66923618
407509062
433389372
115706582
142262463
452827522
96259942
62293830
83946097
428405232
2422942
449029682
263416
66924806
3667174
73724275
14688011
3088341
391170572
89355889
543724472
61793983
97900082
113514158
784833
397764982
61424049
412914282
552576
90976225
870068
2553110
107422818
1165952
91151401
107749888
42187451
98100190
143172954
439707392
797546
102646354
1103103
70780721
467205232
3099905
81072046
58782241
60767065
3152088
65212064
5404430
61102353
371473461
3530218
3359009
67238737
78282333
6517218
434591602
104599454
3116412
610095
70776351
91400138
125703422
551267792
64940020
17691003
2231638
553083
867955
61428253
886654
85372104
460287312
60946206
1121657
609372
452541222
428966662
425845532
14874867
399224262
134336130
61639627
385566771
456533632
99339554
13783451
1121618
141341973
729546
106554714
13543735
16645089
129634290
377499981
538004202
135876000
144826118
17606940
140747091
7646465
13700650
387368351
5422289
143909206
361134621
132296606
126219051
101009320
105074404
84268129
75609915
51151021
140216951
450485602
464852442
966507
525348492
67351315
5805463
134110232
559662772
3020071
519717502
101819847
75645178
98922726
70776352
403282062
32109771
2101627
144393730
83729176
70646043
90250635
378804161
3129593
89824485
3489487
143781202
9812727
583044
522185792
450927072
385031151
546255352
78238356
382393251
5596985
113418524
43473361
136341100
97022212
450924462
378743811
374265321
72193797
402865112
145517432
117786120
109703254
71967039
1581835
408728922
13470742
65737077
134690308
15702008
460108972
81829046
451646542
71137141
415274042
535449902
594336582
1174609
102021715
413441572
463814012
80166106
145101236
506941442
88195333
2542120
14760997
584325
401863772
75779612
797409
71512437
62936664
118895976
83111372
80887048
443007502
17442112
108734810
111599586
2651704
87060163
381107751
142749130
134592771
358607491
16569220
110887722
2124394
134736894
2480952
1151573
68592603
3747691
13131979
7372382
3605589
7402656
13526195
348916581
82457178
94568654
573387
141164927
411556052
2992843
86114749
15387588
526389932
66361593
143533258
64299916
86646433
136331260
366497891
74402744
66315363
127063153
123341528
381050091
417125802
140857423
806593
64107578
401358552
662490
120240072
109618428
357105451
62376295
414456192
17135089
72333628
622149582
118364656
489572792
1161657
522083622
416643722
126721477
450804382
449840692
4284071
356103941
5592951
2161211
139763655
988077
64324502
397141362
3092817
94107904
437203682
95057498
7272459
376178201
449840602
126564479
579497262
532293
80717796
138791069
141624409
71710103
143291698
410272642
143783038
69938495
70331833
7512059
444704072
143228840
383561831
5316979
718400
95661868
135151150
54604961
3130371
133580458
91855128
73650853
54005201
1095830
446678102
2751035
78800495
46438091
475164462
138540027
5275936
263331
425597332
3751263
1575902
422130512
454446552
54604881
412814742
4682274
90248137
118183730
3119072
67320702
88936751
352933451
113424656
140677581
77434158
4605068
71171825
60833409
594165562
3359745
660764
64607966
14250005
124995668
3125695
112833584
734267
94535896
62723998
60946210
3996794
86373497
116912772
350080811
408505752
535421
112662386
464879972
2149884
379833501
112667062
4311370
14164429
76543369
527487341
7314604
127322365
119701002
11272783
117456678
388919861
49945791
92097624
75876781
93543580
2480945
79041526
608422522
10284847
3121388
71631684
76689135
402601442
447219472
70079964
64305009
137725077
17607155
134546947
103109872
103551844
79524054
129314020
88872937
2693378
602899902
423690792
145388842
120036840
10686134
88767037
66438239
355814201
13250385
437193442
11219804
108113674
137093644
98715752
107233860
4619467
3092236
106130344
68075512
97849858
13179711
97231074
107034410
55179541
61249544
2604913
390814291
2820793
106297154
72544949
686453
376160601
66960115
72046658
65925370
135428450
121591984
4433329
135446424
398773972
116955098
13912852
417357342
4094320
470609072
85893509
913671
121591750
16588644
468552092
380548721
422566042
83111380
139632377
144949356
