532605
12785828
369673411
79088194
483760432
3135334
64289940
58779371
2794160
4833722
3090793
3033950
134948420
3905056
511515822
66190266
1056919
94664190
134028346
3256033
85456594
3138798
7703598
3098840
453612952
125539712
13370607
126976653
71139470
130081816
66898516
72165707
145517432
537612
6992753
662432
103448844
438865462
80728562
110151936
12026969
67167379
120738154
101764797
64029983
984398
11011578
79598918
4217501
60200381
694618
140854893
101172698
717358
1154193
89388951
629899842
107980710
946476
785125
14113667
2426335
559481342
3155494
8086129
1165184
474043062
115705654
140356575
77856796
6427339
126092539
71420311
4185902
450337612
135980080
17827287
913689
95265334
439484722
106135674
409964442
17330683
89977351
125972317
74506420
472992602
457305362
629899862
82516514
55179541
929222
1107820
363809271
13651718
921705
2365822
1151535
435821802
124600072
358680521
2206115
15165351
4207602
131323338
13148548
70386430
1578993
113318532
125078662
6521119
10279933
74078007
6062237
350720621
8253495
142175869
137130338
412710302
62738413
45594211
7006342
84668849
3320764
3138155
78934726
131744724
14881299
613969802
112469266
107688362
93638362
948133
130012244
628247
5848589
67364414
99312800
104816990
2169148
121127116
115824710
71630465
2160741
144390266
64300419
68359958
386012241
96259942
5248862
65475290
13179710
432946872
79589042
1446822
981201
18205226
366474771
70322139
3296376
67539564
75947120
385074601
116944214
845910
33216111
487029692
89834817
1078003
3152010
98028110
63459799
352061011
112662272
70536093
63179747
78671171
7600666
410495612
79543168
102341140
786778
13650931
89882663
4225617
90099467
375177801
394148012
489063952
75610675
1172324
68592603
397729432
357999091
344884861
7667264
369223131
5472082
62290949
7868651
100067510
142797438
632228
72934533
3130319
71844141
123868212
78933246
5404577
63357945
143952470
4115511
13210872
456379902
3133173
139874527
90563091
5891522
1028432
350447321
415315702
1160971
95987682
617782242
75931692
5079323
2511970
5404549
916259
144475792
7117040
128547985
567680
6907149
2256915
4123014
1143637
79930862
109169058
63565179
129313094
141780593
129636210
131228030
19795031
514922832
6461684
4301427
139888793
471136892
524157352
705770
117513852
4116811
439324572
100479122
75819429
351239631
410092592
7372872
78282084
105244530
548663
4642492
140689807
587132
103515164
3130431
4125592
472710752
71415361
2271562
1142755
39056731
2992868
18205230
136336124
138547415
2503276
109431918
90408887
80121626
2530867
1140658
137726987
71323448
468239132
789312
2113422
7575005
70232469
13130983
552080
375196321
402043172
142584192
3129691
3155471
351594971
426047942
72567687
108113674
12292185
64324502
128100091
422214842
3658609
18181613
520827372
96131258
83938209
61637453
91543334
128094103
66554890
116705130
15636336
4161884
497305062
103232296
2156638
3131840
3616652
9837152
67503800
73323486
365344
74872225
89736625
383826471
365182
88901387
477676392
15026174
11964027
83059288
9891535
481510382
2148749
114509984
144530014
551679
87275817
481487702
3130430
73594787
16711144
458840912
518485472
131351888
78650397
69105564
432805302
102441530
103823446
144293068
513528152
85454768
66404564
7179764
4094365
905697
90240221
134711946
3016393
97786992
629328
12267369
70403437
7706027
1176050
69000161
529581411
124937302
143066562
74599637
103214992
111780320
126368273
107544238
821615
80556548
13394792
5472102
16645290
139216535
74831873
71171865
497537152
570371672
463794542
422811682
1101118
70098442
46119931
13483779
2299660
394692942
488547232
414838102
104520644
109168976
935967
63100175
142594564
14490160
15597946
68515264
75429581
132148022
137260110
122946174
16260784
3167377
65326443
410105882
63266242
3089528
7777963
6494763
62818011
3963798
14245772
400435772
396458582
727878
2516603
61263041
5404533
7928041
382428781
346468561
61469704
61569728
401455802
3599714
111780380
3765804
515078272
126035855
3011587
127043979
10195937
140421777
536420982
77784274
131449208
4711056
123807484
5430413
107406104
144983772
138655163
12210099
96461828
63100154
46226301
1576190
85750572
3135733
353991931
117289270
911241
359786391
353327051
11282935
2813167
548673
560274
512070322
78640457
64972420
103672304
112662366
13128241
136341312
92570970
628266
73482400
65938270
61002789
66020857
483588812
141920303
3167839
561856742
113203676
134874502
67238729
127676515
13636688
104622072
102360952
6487922
119976320
355182921
69390867
113989162
17605548
17607216
69627777
504135762
62166957
86730957
2631022
4080920
540432
13131863
439324612
69879260
350963201
625398
5317037
1131131
6904555
138128165
1054614
912742
3125893
137726201
99358978
65117527
477846532
118647586
3835675
470137032
99684498
69863354
347385671
2630675
379609971
343856421
1105733
1155108
3148105
2234314
134592671
111777906
127751255
69162116
114811546
65393597
72544948
3130014
1108115
896087
94780984
111467172
605276
2837980
110230842
143039822
370626811
5902858
128947092
5150299
65039247
5708485
3130368
107607898
67755614
117497584
3075133
2244112
74872140
103051046
72804702
2889763
13066534
85838255
107318362
12334078
475164252
62496773
98116464
2477046
69686461
528823651
13529560
419877012
761220
7667059
124600544
87936457
401393742
113989356
62512442
3102199
90837797
123788274
123052190
125544844
105264808
90415407
4217498
144946902
74252546
131739690
91599966
77235297
126452761
127362197
691615
71137159
706007
348659101
2794597
916339
408988062
141145001
101235216
3493887
13749633
93820358
501851822
350027751
3113470
403700912
2503272
143031188
107541566
994228
13654327
70238457
76193044
983847
4311360
533609232
116874970
682789
75212314
909884
143170978
3462875
567649
3130304
16293862
2812310
109569510
7675465
118190306
78516612
61392127
94635148
549834
102578128
18063163
2315173
137231520
119434808
750460
913668
13437958
137727241
452248242
412710312
347363751
71590746
392284592
993633
381925971
3111895
94354518
605957
3087494
7372874
15586246
75876890
61860867
117797228
68446355
78622728
453844322
507755562
62166908
2946986
65356217
3135561
115085498
141827557
13442454
4709950
96402942
92871296
3130445
142497097
82265296
75063691
62376288
135641836
70016974
17880987
13305147
68510255
84268165
786826
84709643
90728983
4310808
557254182
112662370
6098125
2947342
3167612
135350542
6106576
132196532
118660848
62724019
92210382
567679792
64734544
77913401
17944084
140857827
79567060
123341274
96764520
16462613
89078589
2813176
130665240
459472042
126866297
81670614
16088800
82534770
412568522
115756612
70697363
96886302
409166182
536889
2157805
526591382
82164194
103145282
538825
1115801
3256016
624997
38084061
99976960
127724339
76376874
105069592
110265034
136127850
66644990
1808972
102208704
97156040
1579477
128208021
65544800
473526272
10237962
221613
64650062
487062532
678044
70834770
134036212
1149832
1097655
7044058
511485792
71645431
109700116
95060040
7512060
115671688
4225613
76242037
64312555
87370725
1141640
568102
13113941
584796
78712307
730428
122882538
75980156
144202948
89105691
76539677
560269
141284779
103738074
60946207
130495956
472189262
141791799
107744162
74427068
67929154
12711111
96255474
548348732
5094040
350802071
576455
403915362
13112877
70079967
15075139
91043963
94664182
455416502
86833859
17806810
423791842
3166518
7555621
3242640
128249699
629760782
89412749
411861062
3100456
83496748
489034862
535526052
913196
12619469
12255576
69808478
513645682
12383070
78990533
70904018
588567
68622488
4282296
65445461
70266756
14464636
119357816
65164452
71131656
119004438
7599933
114811548
67692410
346434721
85202734
16638433
143172418
1115907
375050181
134525898
13651712
75818740
2889765
89860941
911423
2282833
75434750
378114151
101295396
108626752
79824446
3119532
92739396
69336128
2813164
68352667
144032596
4299871
626283
2718608
805975
66593804
361103771
15079068
520827292
6697439
126068145
58241681
84837683
139470657
559617332
956509
2480949
670925
5644736
8041652
6090455
90293313
7890008
89882669
1170598
366497891
76495953
599357
88589313
369184591
72545562
5146812
77380872
2302625
69938495
380684541
500084792
66480897
116944324
605066
555650
69106336
892928
71171863
382035401
54604961
381492871
4195714
74077847
3843299
1581601
61752797
94557878
89104043
407339992
2283857
2148257
917257
128458659
5097017
546790
107394234
15118305
3822135
532007
120165858
104609622
107232160
77235292
485918442
265150
3907871
432207732
70266758
371978651
99029030
92053090
64304812
4762933
3152105
7512063
103035400
4195713
65544797
3658139
4603411
85230840
67300786
100068950
90181247
67238731
609298582
1184309
23906001
2536948
12754294
4634579
92065228
109756588
2718430
3257505
143298404
425658452
46372111
78256688
1015329
429944892
114395822
1165703
64920072
105710114
1277819
397729462
71608366
3087814
2121813
505015222
2803784
97328542
102656738
426048012
136887800
108066448
143060940
1104510
486928932
1167886
126911425
3386566
68350105
1112991
3896443
135269164
375437361
67845891
377447721
3893202
2554630
18056488
3114910
13790457
110849280
73707725
3087475
102360956
724039
128099517
81836818
75128237
126938657
61110496
39544381
3145759
2947203
14574292
102631390
106095108
115707018
3248376
16193204
136710424
94568636
9812700
2576083
3157950
94727038
81662462
988873
90099457
4262789
107878888
3120266
601015
899694
139904165
61312401
11206810
79542042
2970051
67238736
1176221
143055454
548365
4121012
470202132
104542946
3129993
3129592
1175626
3128096
448298522
84860559
8081912
69404862
136236398
912990
440823782
515509302
7291252
92826786
15157257
353045901
980174
395320412
143227358
140055751
2519846
117581632
4253419
3152668
110728358
64381511
13724927
711400
12335569
3087241
61109754
107329232
4209640
525343612
13204938
123722066
1087017
541402
3103991
9489784
1178332
10055112
3296749
132159976
2262247
614693
2553265
91543348
71110193
586163072
906588
4764439
12209331
432358902
377717641
9933781
70283303
365642571
140353421
62723999
14134697
135374166
1118865
75535403
396424382
467730662
98507446
104216248
3157553
1583108
9975934
144534252
141433457
61005365
3129588
555642
69108136
1564376
61109750
402137062
112662372
113863746
424625262
365067
70697362
511934902
133712110
523286342
105781402
87172715
139102823
137818639
99756342
3395202
373063001
3103658
81940366
105069590
123342780
10424282
76027800
913683
71594264
663308
10177531
606152
95933842
7674834
2675172
87661745
109176404
2307182
6030261
66553433
136619776
1574666
140869469
132560802
3616640
475164342
2466305
67928750
1105330
669799
132123626
84791837
1103942
394891962
7854284
130419356
3100559
87957613
75139880
7922922
67164391
71590747
127245983
61259507
124220570
107541568
132635290
1109736
71483080
18190270
80237032
12815715
395664742
580851082
423132742
521569782
35946871
77834654
130855168
141780587
910912
43339311
99105104
765436
12343242
4313998
112662266
365783551
3136779
131460536
847608
64387136
378538061
9919586
1137234
105498808
772257
143169102
126848547
13651702
426050732
530917961
415225082
10498776
113474064
96319718
391786232
142746786
106025994
97756990
428753572
2282841
13100386
7812631
1564562
132625720
615069
2802085
5079647
131611536
69959333
93477546
412508522
911149
75388160
877521
2171464
107329230
39940921
107675526
130855506
2200204
680153
78176708
137980703
549995
76376894
130414616
89874967
532673
64346873
567679762
534462
61005366
89430171
66554899
1574156
137233986
3129364
927900
69404591
3135026
3121749
14405186
95890670
787190
59943071
143172438
99625792
123356084
11747916
65396709
104088780
52519111
82257536
680109
126935441
3614124
920894
86490973
727720
3598719
82265238
4952885
62724016
75779409
83151634
99550092
66465545
143987374
613568
3072020
778429
100478492
13275693
71498297
6297557
367292631
3105426
3134155
421788662
14044512
263330
76220160
133196026
96316288
908434
121804864
73399999
80698408
6211042
912184
60742275
94958022
546578
969349
412184692
124600540
123448394
43340241
403867442
81610094
73707684
3119484
69743415
62376272
13191327
3118577
78269286
94330420
13787135
2275918
434591542
99156218
139874035
3102924
126884459
1165845
7677788
77918556
553840
1039986
449042252
3140135
134026180
105011300
5179706
111937792
601019
90619527
569832162
99601784
14245705
89824821
429975012
3152715
92827520
127468313
5968914
401794812
503169162
1141677
116840964
533609392
1584476
17786524
14880812
114477730
346434671
7779491
135689686
65779793
881559
1171163
4655290
3135143
131351884
910478
3462861
73922864
114393886
4125087
4209674
101264042
365070
2243341
134030308
140721775
6461434
63229770
65356224
429974992
63034985
6067352
16186932
66190268
84668445
133578386
82337926
888118
3155489
95965292
983234
3131209
7163213
470529802
135373086
3123453
598883
74173002
63094652
8164649
78671166
5105781
907585
138600439
7382555
3121388
107278774
126847589
13275760
16386273
78017142
128093325
8016407
15593568
138738413
3151427
357495391
85918455
105332258
129473376
92092070
3103846
27497481
106314294
76984849
9806802
73161897
500015542
124600538
3787855
5341218
83957923
142433077
15780056
3159313
63441317
135662974
137789187
1131132
72933183
126368701
389063831
729546
1582043
1049923
63480990
86922279
412536982
381431901
87651091
126609115
6532758
438740482
61644197
10101602
706840
142327485
134945960
3164176
629466
78662915
70697256
559125
75313461
106072906
16501727
7610353
122927610
397764942
98320662
125333404
69574422
414838132
33869821
677418
1574150
69447083
77846199
136341488
87275879
1156203
3129569
886649
59509591
2271566
406824682
3154603
144393668
49624271
614689
472898522
66374218
13704591
76958795
563921
14352333
884038
130700214
70429415
69331513
86489749
3137518
491446942
143171642
613488992
452697632
7546498
7927244
13247454
103047344
67294770
144274274
2309090
15024608
3002374
880949
549940
6427338
2150058
134212668
77235291
14932072
385031111
15586213
2847475
131782534
68627980
3129809
3146991
75243652
599362
90354599
116348610
362577211
133639118
76256109
1142440
68513660
569247262
1582259
71483067
114395832
2464635
68771817
129568030
83111376
69417695
916414
2229726
5231877
13197416
496545982
14292233
138609511
61287079
597166
71129383
66465549
65707239
757085
567191142
96646386
61720759
83753452
366430781
104660806
800576
7294861
410092352
77087849
3092173
3089502
80792310
4289176
12801783
67503807
15078245
117114704
130009206
126331807
10177766
535752
351664381
121657892
7703994
3142380
512565002
91599964
55012931
98025554
845908
435915522
17347967
54519731
470815612
83890421
143464436
72925371
443060772
2276362
65583035
144210952
119465388
418453692
68849338
2288314
4299863
2176913
64627716
2736142
437211002
423097622
418346722
2430331
1117105
62807846
983248
3613837
3156143
4208914
111779242
483885662
670897
421223452
1140665
384701511
105413210
470529972
87675719
2211812
582258
605486
369048791
1113825
447958572
4764135
1125141
16978142
474654812
17546441
5979887
98012644
14464415
3102238
5169820
4637227
130009100
2522928
124262672
88712813
96461836
63456074
95225420
66609818
44231011
8086130
58163051
66404487
877246
120096880
447942232
107369408
119967544
3155221
74191300
62984313
345192901
58075201
4946882
2178582
1165303
910212
65152214
907922
1076432
14525086
72567468
3151620
7798411
98975372
11118881
77856781
2177862
410432042
396118722
72273842
140761589
17199762
570650
77415943
129580504
99408328
3152791
54956571
98796060
112662368
3874951
119437180
138127647
61109745
438865442
459195702
82257956
3129595
534727
64607962
3886236
427219192
3129596
53288981
121929600
434275362
106072882
457266502
3437883
69779538
89538851
920062
6617373
674958
877408
67238737
66554891
142181859
80625708
89860919
16331689
