124668726
138604237
136135080
356863441
64821460
70473113
3592770
113415656
131337140
7779499
455775202
116928176
106152696
65534802
680543
359414251
130850270
108055244
77234387
35748521
104663904
62469562
559465212
74383642
3732430
144488684
92719960
5705289
17938533
363642741
74903894
429975032
420748562
119437284
121179310
66608886
6587992
6304467
134693054
135870570
143382240
74473321
83936995
109169066
65007860
451345822
505440412
107762414
106261744
97232402
91650394
142999898
3200294
118844588
53868481
78045822
68075530
582244
105044014
7521010
60886271
424565282
69194888
127245053
15001842
1111791
1104671
354662631
144990176
4125121
99261358
132062146
105286410
71731737
2440438
111954776
10625785
7042554
3118942
94344114
134024918
87361601
129324476
725616
84431047
365418
2246287
85830965
398773952
1643343
95680840
97198286
106249226
123240374
17608409
108628266
95375680
137262230
105915734
5639047
69328683
2114384
107690728
425973732
4116568
74811044
133583124
72055715
3095869
3155137
7261387
481510402
114627448
440599302
45684301
417682742
84842511
457299832
3126128
84379867
104088716
75212167
71039604
413490792
121179350
76734212
381458141
422208082
142080217
426121572
365943131
910341
54451271
78484120
396127542
349440851
69442692
15178643
135386242
881483
4952899
89971449
75213998
88328685
72780496
103982152
92720050
454363282
62125659
379723641
96063778
81827756
70813832
126901553
4634582
6951800
13234888
78184042
77104736
93525938
993619
92829082
361266491
383832071
85484810
73786727
62763626
3407355
384707181
345377611
431492752
357105421
496061542
78233660
120449038
118484138
613517
16578704
460804562
407122312
441008082
79380019
96400320
124366204
107665566
480769122
93318864
10963135
346489911
72295292
92827740
551105
1175225
13159656
131391756
3040577
73528743
17135089
369184481
139618633
65225852
378114241
15676831
422235732
3103783
103919054
348375041
118190296
76542233
67782091
1141487
383850101
68706092
13141708
411429222
144535600
122296906
518888022
91102569
378888081
576851292
101395568
86503819
74173074
576439
12299434
99029062
7675612
114438522
92722906
79092292
80870074
95730854
74671975
130487220
138128217
114246708
13162038
129441774
85912355
373595061
90314083
435851302
111739474
357693581
62263944
87991383
82209474
120449586
137232490
4189329
13177281
14236803
99976974
371473531
105860130
586064
69959807
925109
3892906
69473091
69565059
422423112
71098864
61752828
3130435
627110
122685754
587756192
61573234
26808181
145501488
511062592
118094796
75526547
433195152
77369727
14193950
3016837
101946555
126785677
493812602
82675726
62572234
62471074
138095753
60453211
75802457
2919621
129439952
5657993
45683921
937337
589312552
87172415
763158
12601639
7677795
18174112
125543284
2960285
13129199
11843963
81366298
365851551
17607475
373397451
2166355
6495251
137815383
540955932
69584517
53073191
17607001
78233016
86922613
66221567
144124320
2171384
143276134
83990397
45490271
99142676
10963130
103205072
13130990
71700507
97828210
80469030
448927492
133346530
358658271
89865129
949462
70640802
97459304
2516589
124700692
437203682
76442922
94188742
17014649
351145881
15078237
67750422
3152219
17614537
81200428
364998601
12885392
382267071
60703007
2949669
17561513
4943752
105860140
11125329
17363279
933271
77234502
140258525
74625996
115705714
71601801
89657593
17614736
5150023
15672310
429472402
51641681
61682232
80859294
403915382
85270782
10245878
5150027
126938661
2281125
83922037
363687711
1082490
112657994
98961934
10506413
415915822
81836156
7460096
362957331
410121842
39544611
62439059
349107431
11596271
77940241
390236981
145084322
388714341
353122341
83841070
66027693
8146786
5079328
88278237
68171062
563878
118495592
485727962
62028333
627436222
113483516
135374214
393512402
80314456
120449582
137863323
521607102
14878503
103139836
439113342
123886746
113764688
435665312
65245760
144764330
99291016
70335411
120429002
451630702
75344956
366441511
61829948
484370192
62165392
449192072
79109329
64468940
103979510
12292152
426217352
446704682
70443755
70697237
82415054
140076439
454305542
73742055
123815924
1103108
5404532
774686
103982184
10984119
71738557
3839473
97455436
69821326
95661868
105228360
46646771
14066100
102021717
4301039
96459918
2264701
133581342
7675053
83937229
17682927
72544955
415749522
139404725
145025652
6144639
114088790
546594
70384193
4160832
14927757
135875130
44112891
108545522
11295691
130647464
143167068
15839774
87345669
66881671
145659990
67234853
62288841
2104107
96816474
421281792
16136617
412546132
10584129
1088374
4099865
79357561
407195942
2221576
100115956
403532822
131232040
119957452
90393105
425662562
127685575
11732008
592257982
79930856
2557035
2166347
131341840
784426
490726842
13336072
61795231
527267591
75072955
3117969
17346626
72370373
57983951
576851302
506193722
89796871
134919810
105392838
117637004
69140513
4253553
134781036
2289404
535680
88325471
451921542
3964784
479276952
3668094
6802398
81797984
73145938
4624030
128109129
122932962
425661722
362297921
80336430
7113885
1107589
99559724
13211608
94402166
141900885
904785
691663
675582
91934732
4587159
78680535
139132521
73218722
369171721
435491532
3302619
387457761
97096562
13655153
80149282
17956922
1564826
387676411
501666572
141299111
17680066
13178613
143776484
62292906
125088924
7332594
18005113
102353400
138218653
75469630
119635276
376219441
596014
114501406
66588235
67924607
13783233
84288353
456149852
62471080
74058109
407109492
13430741
65395707
4087063
136672578
10101748
18581591
4274057
143040298
17604829
82768032
14927275
1139793
66553429
78808685
421533812
64672569
107757986
109168972
438871702
98757740
76303639
17786531
95245800
99402474
363175221
9975826
129011936
64987551
13636693
68075343
14464427
735181
421388682
126112911
99127332
71602500
3339455
67351460
123341206
1575790
144572246
970659
355398561
95254414
89355809
90248149
5404546
97956148
16983895
135373102
408960862
60977938
91599946
136484236
17605369
131781464
830309
367867901
68075516
66404571
13727864
97641000
448281402
89128533
87447389
78932940
70249655
125539808
411776152
88375975
694629
62461499
447098152
120429020
83837262
73076104
27092741
62824916
143446906
32140191
29196111
4253874
356709081
72542471
17610652
4762629
5199223
70554261
13470709
17451555
100745750
4207723
91222560
92141174
472898482
4253420
2538419
104801948
395307702
3355957
371619861
84903653
18047586
137204780
122439820
134521528
94173650
135440882
14082496
62293836
17786535
58705161
576444
624364
368993191
71292235
395664662
69220408
542007
137729489
83748366
366442741
569166732
107250464
355814361
88471005
410092722
103982180
579920562
350001531
15408612
113097364
67259074
498386882
364037621
124220554
3168753
1164242
10878079
16853878
123807794
349988121
743990
98234036
400299232
15595807
119190980
132719390
62001477
410106072
117309876
72306352
136889420
79824418
5104843
69959811
65938185
347279961
118913034
443086102
112670626
5106540
142004061
77849400
13460189
108732598
135026864
124996162
122886242
3099612
62439404
6461431
347367911
115766182
99249858
126881935
5704469
428349712
102938426
527958861
454363372
73828911
144451076
476669192
56855301
138042669
2439301
454363442
143780708
367714141
128996594
97458300
132491484
116705222
143229086
457786102
90418191
1885522
79930880
415561562
13787879
130599418
69791407
60771851
41648851
6658340
8064915
3577856
2864029
62557275
6270545
3729747
4299993
139404757
418384582
676947
4094775
114655620
427205962
74946259
1115745
386116051
17942279
84490457
128094409
71301806
58786571
552756
121560718
66027696
70335412
83790334
16149861
17610546
116528782
428302382
76551059
4588217
113983416
113514160
60790227
62498402
14669262
15704036
128557479
12206724
85496298
80770620
66598148
82410864
414631692
106309878
2313278
674643
7779508
473391982
69963286
727993
4684015
84763005
4253401
74307828
62943827
136337000
84100231
123898960
549552
70510443
143053898
4127465
128992770
66870715
76500484
95304958
72934520
98223682
76438771
88375981
3333468
106992202
452697602
16401957
1109735
75433598
3787862
69018823
103605436
556325072
98600692
724829
67858680
907943
549558002
119514920
460184322
71955268
130116419
144944460
135817916
91354152
89845221
439862962
371600781
351277381
410092672
14583099
370343521
7331394
81344516
10019070
69982615
14154336
78934975
3112546
15215306
493859392
71090283
71067950
618428
404476862
4038280
11943069
3920076
79088592
13714130
376466141
124714698
68239917
85287392
132625762
124220578
111689650
38637541
107787270
107425670
68736608
73517702
117167914
129633862
142337705
62826429
460278552
2249099
76500514
67229098
142417109
62624915
791000
4121798
368584911
75812943
2541772
145437206
83358286
386961991
18190276
85454158
5169784
11233429
84244161
68335741
66940967
724513
77183271
96000448
13112303
104109926
124600624
137926521
2268668
127892261
90213411
145327150
129387018
469254722
66361593
13208810
7931478
6611863
397729442
3822102
960539
103098312
144944710
448959982
548507
56418841
2795615
91335818
31057971
78783948
17606172
6944534
80108828
366452181
82182350
86157449
377699401
355854821
7046191
97849858
84908545
505947152
15489381
19190401
1064825
99095796
141827811
10023458
126603485
75465066
69403012
137198426
10101970
584215272
131218572
89503805
100115064
49579621
75338070
14495750
17473401
74419823
125385370
70322134
134774628
77415017
2251567
139111893
110160240
352210261
10891300
98320718
135176054
127266259
560112622
70697236
5169789
67320691
117012388
103215002
361474021
13705276
7583582
71967039
17606763
84310911
568120932
43010951
388613691
105048840
113248886
4253526
140398625
144439728
2794163
523474942
93735566
722161
103071842
121488468
120431898
632271
13189024
3754371
107744176
15597238
86101339
67625876
428324752
4253402
111022444
3660310
87675683
1162408
87789255
62857011
2248430
99513264
5626621
1090020
17637995
98485036
83385598
371744621
97088956
68102099
425591092
712210
414353132
2960714
469370892
113947116
136601158
350151911
65938290
4307890
142808284
68075529
140481345
3042576
118807482
453959592
102027649
2155809
111837410
13499039
93117524
429902402
407106872
73141418
73695217
104998696
367374011
103186124
14211038
571722882
88174151
585667562
611971882
2261793
14731693
69056426
369184631
142378777
437930402
65173071
12109420
95933844
7673566
86036257
101172738
445236292
367472701
3155764
13163034
5422294
106120434
114154550
13783503
553083722
101632131
140858185
424438852
134757012
1157856
132375892
410052452
89941861
360460321
141826581
68658102
128548739
78383415
2888230
370238471
17392863
89597771
406009492
430499512
378751611
62471660
109590434
80413610
347265681
24039401
129642910
105364504
456149702
67248574
2267422
13444562
88003141
359180021
79667830
1572685
3607483
128515653
3116168
61707305
10263652
140398653
80870090
74569183
63893616
17606104
16328613
70142188
1151566
63264140
77134827
437275812
435477382
79931420
103986156
5106555
97084620
394670902
93058850
64620659
76003392
121720232
788026
608749
137726289
131772420
93992790
28407221
600727
5646858
145139340
131689270
358141521
370221671
448408592
70333879
74389724
129009624
2862096
398018572
140534075
61043346
402865122
78282094
603769
85035527
144488698
1101868
906658
134481678
111725752
410960122
18227777
84118441
66472112
76890990
117726394
449072022
27770731
80609508
119925202
89721461
14524978
568129772
14614073
77931369
413398402
5079477
88765627
5404589
12885390
14172365
68749646
365973261
18091665
94369454
14405022
563958372
353213411
886450
479899102
13913372
13138715
92534310
86833855
6969082
69859179
17444643
111777838
3445624
2548838
89136623
412545212
73297743
13485775
2953227
130637542
13131901
76834230
62165434
66286518
142378795
45417591
7779482
71844512
3139515
93218932
453892162
361557741
134031294
440408152
357693521
61594177
141821835
456149802
380495231
77990059
124220438
137232276
369230261
142720890
376325531
72090060
361345751
6973833
362270831
8415842
94535888
370990431
441462362
433037592
358849801
2211405
95660136
13129140
948066
145017164
130007994
69018972
81436026
4621949
127452949
129636008
505804262
6706983
13162037
105655838
61695525
112896870
92053082
1104837
119291064
71462202
90221451
78026031
14948176
345857431
131359422
17795805
3774159
103128914
61428257
16003078
3361868
3182179
100720102
95967026
3589948
79588352
3159326
87126469
103052884
68350112
417264632
103305926
13160442
56903981
131449206
134524122
16667851
16144118
67306473
378796081
70565976
111780324
3255997
62807687
7272317
111726248
133580070
66534140
2248424
85849773
129323008
2231801
75121243
12845819
10216222
73510197
104621792
56190101
12026991
75299641
4634914
390908991
20343861
831349
768499
375089101
120868850
387921871
602247
686821
88028627
134965712
38987571
70386382
2006266
134523702
3099534
910151
115992510
65520773
112734906
480590612
2553114
2976492
424507052
86835367
76520395
82492140
117301802
14632943
63264149
13112294
94055094
92141144
458261682
403915272
7429119
106407320
412880992
121720240
72047758
136341762
13275871
135373128
125915987
124600846
125983773
124898446
371627301
385249151
346701041
90559093
74287030
141376773
73616482
30783061
134358258
100139878
101419448
88806551
415112982
72066245
118294558
3588702
126920855
122891220
142832896
437193442
15445471
363201141
111780392
68414896
110296784
82664692
1018510
4858215
906650
103649778
102874182
12441106
3145739
103635124
142378801
3538068
459401312
366441411
117371548
78859605
1022523
16873900
377718491
90315633
370862981
66730183
4110990
138546815
121657886
428974522
14993631
142394247
78918012
452885022
909605
67037236
377307861
72327654
4074670
426703702
3102133
555752
13927696
881479
378114081
78017839
465587362
140879381
12326082
78791033
1144545
3112296
502426662
100586352
370959491
426963482
3362636
360812921
67606693
55853881
74239011
133608088
65265739
7487890
918094
86400917
13271089
133103610
140421817
5640478
58786421
66027709
371654481
100217476
367440751
2148265
115822156
2512157
4038019
78269295
546875662
3137301
71955252
96017822
15208842
85496188
102405616
106513564
100835978
142551038
92141136
74625323
71847387
101559466
90807733
72544974
87932235
6944547
133115414
131982320
83051638
407691402
94309906
83050038
71847520
1174770
136331260
536953992
76209242
350882871
590881792
61528120
109170684
61223774
6237176
14533608
105085632
4207595
1172426
12064263
351551961
80947392
553094
469440092
93312214
378796161
6686072
73092462
109695322
121328730
664456
529435361
92491374
61697384
17534588
81926660
86655631
83506572
2878353
144947808
426106922
14178822
127675127
120292332
13062271
105167444
916750
4575932
78001828
128600485
72101138
578590642
99358970
65690455
4677990
126367479
142378787
62165236
3164129
70913020
13840363
380489171
72030971
82134174
76207314
86612051
143606890
389040581
135373122
67420794
91102379
124183416
83379332
53999711
15684540
925758
126915403
467966982
2160792
3166785
16507262
354007961
16970731
121193480
51444991
78475870
68150826
118731448
117487430
7613144
3104557
97231602
12744683
105359878
680627
3828208
4765756
502776602
90221449
86987691
105966908
83059240
456149892
532333482
15914062
15540468
56188881
4230037
662464
97937036
924554
87172389
70728645
71462197
121928148
3098267
6105935
10186100
454254562
10235185
141202199
62471095
1576101
122983954
2675676
410104012
69003824
97206084
123791446
725995
4292117
134947242
87788353
447674162
91618440
87369005
16574062
68414641
109042882
77470193
113756126
130581584
616987572
137135438
431103252
56190121
7329909
5586701
81837008
2440954
143175838
91476282
359438041
376035451
62166916
12620317
81201786
111033374
114286670
4162023
138238311
141934329
510377572
66890891
121125880
76025528
100536704
119830038
4114809
3131304
384717331
959611
3905058
357083261
2218240
456149662
17442610
97687818
4253017
143859742
65028777
3822464
12109425
1105425
65625231
393821482
120359036
3159302
84668857
17135095
119924514
53999691
365557891
447952402
102875072
88374915
2534224
17964749
2166346
141467611
378113811
63076910
376160601
110549624
65416132
60991519
76154184
678371
6310450
64346865
132615908
408510372
12000308
92630458
70249589
92491446
62572775
74307837
83111370
398926162
62504046
3156940
144392866
3574641
129311012
439228582
69106347
87960517
15391617
82182364
12040814
100515134
485136422
4300110
16477264
922183
121390640
106969352
77861174
6820874
449669912
118002326
100313772
5093774
107210614
5404475
64476436
104519962
65531544
457299852
13794712
15079092
104623118
409036472
4094757
412545262
108136474
141553541
30003301
15376483
424585712
2919616
73464105
492236812
