67615714
83890421
3732426
7149035
15586369
44300861
129313094
72089317
429974992
395326072
925750
62995343
15165360
121930944
14245772
2525864
11272703
130495956
5835723
61108303
4603411
537739642
907585
979203
129265580
12291527
397729422
79875066
76694455
15391618
3165085
465748292
18190270
439864512
17451541
79975768
7146297
79587580
14214930
12906054
129011934
2426862
2204387
61064534
498330892
123883254
94935188
102659132
62847142
100722468
867061
130118529
366441451
83231546
2847452
5411298
691622
7868649
1022289
63510358
119003574
14497996
118190304
105355278
545603042
477846532
13539761
1012851
2917267
457931802
75867424
3152709
414838102
65372358
3613560
66770160
61878665
77698470
7675659
2544057
116348452
93669714
7599937
95938334
3129547
69071715
3167623
437469042
1080875
135438506
7180013
910079
4945407
125190258
122016704
505015222
78106685
133346530
521633612
607684
517740632
5639255
565423972
629335
2149886
5448283
54519711
128094103
136889406
89575399
3493887
3090950
776220
90632835
3103097
72160317
365342
84693587
14250000
122703266
72047893
103214992
558769
420749042
92570970
89629797
455366392
2423901
95963372
4624027
447552822
16401970
363542431
3095118
634811902
3788311
33869821
4761583
136336110
2838140
140182699
7675649
2794654
61109745
79036884
12275892
4602510
2803784
134525904
472992702
671366
89399401
69465439
3092167
64312555
111780380
131744046
2630766
4761593
18190280
72363411
106733772
3119126
75716617
61644197
132198340
75747982
996082
1053678
596030
2813176
12724819
3098841
680153
869548
456965052
3613839
68513701
393116082
546875582
456965072
3543541
883640
65732144
121239416
15049127
144506694
911089
72371357
13160058
525056462
602339
8177007
4603408
4227586
4764224
965215
116348462
62874022
132201196
142835538
2252960
17347967
104088792
7674865
16705333
71091143
66190260
132625718
116348592
410960122
92962970
595074062
112342328
68950957
3129542
94195822
2452122
674711
61872730
126866297
4209649
67539452
108075536
476414592
6722119
61002678
6917807
66644185
109169076
104936008
125790699
414838212
457086912
4585679
109300764
535666
71483079
67929161
723861
4209608
97081700
582254
96931362
13651713
137893737
2466262
100598482
1576190
15546830
3616131
7575005
964596
100814018
131343028
3133740
92572810
90727603
140634497
62376290
434275362
68513563
137726977
3579013
62220851
71294452
72856678
980106
3296749
417131852
127676465
14299476
107744184
414655972
940347
62724017
7667349
4736315
140421811
1583108
2430338
139470657
5363365
579892872
415374392
425662632
111603012
2796446
413820262
4097358
98248558
568121032
16918515
7868662
1169216
72557824
138539157
3472539
72104577
13793531
64802292
136623198
136101176
137233982
61108933
65445744
5077272
68582506
4315389
671348
141822553
92739396
72420917
801671
513734
97786984
71645391
373557571
15078235
62657078
470287772
929222
34818191
4097332
106301610
576851242
3130941
379691801
51300481
2794600
107406104
596023
67446406
126534873
81211246
351594971
12340820
435031622
386027341
105878272
122882538
542373672
925399
2925396
3095889
541848
918344
690101
74395576
130065450
71483067
117270792
71966549
3153065
121595532
542003
538340
1143345
2163151
130914062
67238735
84268181
4290174
8110298
953609
421100932
80561460
7675077
92720036
797434
130665240
547159922
749095
79426369
2271562
69002507
397729462
7035510
115201660
70697359
5336802
2519846
39544381
4311599
3072039
114477730
9807185
18190276
3087241
18053731
107955594
13783449
4307891
6776987
4253416
145693012
62847143
140869461
3131632
4677402
5752358
2795613
397141982
143782636
111779610
134285866
907651
98674398
79797256
137727927
6812360
106506518
12210093
909298
78232947
751867
137339016
93477522
984876
92829314
543906582
142986216
95963378
4282297
629314
7868648
4619054
117301600
84908531
916496
3616306
16457123
10265111
102362596
391727202
102172420
92722900
498218402
776259
67329362
967375
72717406
935730
467988082
81219002
142844852
95965912
937330
68175449
907751
351595771
134533240
582244
580936
100511504
518485472
456953602
130483684
724039
365750391
82418394
13797108
1030221
10434104
75834066
144389058
74131477
75485502
130484710
2281117
132029880
346578511
3129579
373045631
126011307
60200381
4603404
983258
82241406
14340429
13275690
662729
65445466
14063187
567679802
1165307
1559468
374283241
2168819
369874431
116944274
60977106
582143242
2793753
79875046
68950968
9992401
3099820
100654376
90102485
88252835
131742260
70266758
413522912
127880605
2168095
109169058
85496298
121194830
7512054
131611536
1123670
66839750
725254
880943
5404589
136407634
76914221
487433162
552825912
399084092
65544797
350027751
3854088
67102112
1080922
75502846
71481406
71056992
118660848
78671164
482172172
6719163
2455091
62508655
391786232
116348464
54519701
103804276
477338062
99684498
61002679
70274246
3147134
12452086
103153480
70322141
2101688
662103
732445
72059802
94424876
54519831
917799
61308199
880961
107471416
625038
787169
121125880
355665061
491898322
3135183
117797204
2681007
890307
76500485
13129396
527022462
488038532
134212670
867060
79875064
3135561
13978270
680601
102351900
68943070
664110
383818341
18063013
3155771
3104483
440529852
67232347
469261002
542748792
78671029
144144652
13975778
615655
632284
2282841
106678432
466856262
363507481
111779244
3551883
8086129
92598460
79797252
68734591
13111704
410960202
71999726
371973201
17199898
1101814
398055742
407937112
3605589
6599483
2575685
948047
399023232
119539144
11540973
354631861
71645435
482990352
7275156
74099064
3133366
112350070
3152622
85963127
74494858
139874035
106997288
417195172
368700061
126935441
144203346
125208194
68446351
2953166
1161679
538113022
67563951
63480992
75610675
1176416
562148732
63565179
455366452
952788
908572
3037870
100835996
134711946
457266502
6596867
62724004
1085843
17330679
400435772
1580525
15489385
66506871
67238728
3090793
92172002
109641940
955759
140813725
880679
120739000
142752898
145693016
93916028
13708439
124603286
549960662
60742349
1057312
12270340
455564382
722656
62070465
4225038
76273041
124600550
55277541
3142371
144949356
107743718
906566
533193682
477452272
122703270
35088291
2504050
7300948
61424047
60901819
398055722
2553265
13651712
3148104
925653
143040660
144545342
113876580
72569034
4008364
962223
143172406
969356
90563091
1113825
68350113
61697713
1583370
55848051
823132
120313854
629466
67041323
876578
907864
434591562
568158712
6461427
104942944
2677041
511943922
525345662
144130194
446684802
17347988
67606710
70266522
1104838
372087851
124996694
350171251
680648
662113
10107278
561856792
136035224
72542471
436141332
2813791
15714727
77897436
15220661
89458301
1101780
135980080
100115954
140856305
14574268
61142290
4762933
1158202
536929
62376284
445238122
122552782
3360821
117176358
46280411
105970320
3088373
605966
99312800
94539436
71441863
3156614
96449044
2541568
140398635
870857
541399
139787519
626419
417965202
547833052
90408887
86541433
378743801
142413895
417195042
4967940
4633530
114396428
884030
977948
60840057
122439642
1104859
13100386
141826535
117513852
1073621
553056592
442693212
3571796
144388562
13147105
85576202
4736314
959183
416171312
1109730
4262789
2501296
94195484
3135336
72795483
2466305
28852851
134524258
70509386
99491574
354917991
55015251
2917264
522622282
531907551
371625811
672770
1131131
963098
357105501
7117040
135440792
885544
389487331
44300911
142337683
13569349
848860
3138878
125971251
107744162
4134354
3143598
911085
3138729
140634499
3119484
3130308
70041281
858225
71999936
141822951
110956544
12724838
355604441
144396004
4209635
125544844
118190298
74237536
99734982
500400492
1172330
8086130
141206885
63456965
61840037
111780412
17616174
428710172
3097538
118821200
15425694
347385661
74569216
457302112
3614124
365137
353602091
534730
97383338
5092738
3129324
481510342
13651729
693493
504079942
413444522
906616
111780398
78357790
142986210
114395832
3098217
575916222
99417868
7857290
71966847
424390392
6469834
543479462
496137042
491446942
788465
553193312
62738627
14775494
438850292
3105016
419827572
14352333
90563095
66190268
113366526
84118673
102400506
1015862
70493847
373046071
5652656
71788159
462849482
83111376
127685137
583177662
4244595
3129407
869086
555640
123669746
15016444
489727112
6854747
346468561
91222488
92198180
136889408
870304
14497936
994529
99359446
383962071
72544267
75526535
413468802
124848002
78282087
95060040
63884541
13128242
428690122
346502551
77725101
74173051
82182346
79363293
368714061
13143972
104958194
377416011
91519050
109176400
3819055
142547996
916445
129632290
1161005
105765234
141338269
134028346
408766352
69819440
92739388
383962061
3822013
69574422
392355262
128546345
9956160
583204252
134533250
375437431
139103331
127731687
132193346
67929158
3134041
5400243
3128095
3501645
86876435
397121082
98358966
922102
12792148
541879
62724009
341924871
561756292
81768004
137234014
14405197
626283
63100175
11011566
537724
78527796
13787788
77377653
5645692
70638585
784321
68884718
94664184
69686452
