674813
72367850
144386238
4952964
101947109
91618440
80180360
124603256
104859014
97342134
461012702
79587420
76303639
5081558
92290390
34615831
551852902
39784121
15556208
6628171
97233354
64142654
99693258
134523702
3153883
62566553
4764853
107233860
74088366
113051198
107351012
126087137
2809924
81872070
62471075
14224810
129820288
113366528
15700255
85900443
141919147
125191050
81431860
135235174
370923581
508635022
7408753
99827630
70646032
105892366
2943201
3735019
417375052
356904141
490905002
13430905
78184042
3089235
2309989
415561572
5966898
87869081
385097601
2604907
2283851
136427084
516343262
409281912
2440661
4468304
123052190
452697602
450930832
3535318
17613145
554671
143157404
629333
41069361
61629179
80860208
4967941
503999852
3094018
373446671
13476008
14500181
115784516
3729800
132689476
81349138
14874862
55004441
108157338
6472496
367735811
61182544
88195185
4194876
693498
53854701
366917251
14464637
572549772
8147244
77856762
33898231
478918242
143183940
62894189
72327966
7117042
3355951
3376707
20481921
95174672
76520778
432903692
13564129
2425814
978896
74904932
882259
10542550
17779256
76781827
102907132
61499739
15986025
6487191
83106870
13340976
444654222
360458611
58071461
3577856
13483753
16433489
397746732
15108127
71133542
407339992
91046881
136753620
13782373
103270748
400492412
23892141
92871284
64627713
385097451
84282339
75250680
18240881
138544671
79959534
426839232
69009121
6686072
61354761
415273982
531767391
62083307
2124051
29640811
109517632
137197894
5389412
86657199
420845562
95585876
65768154
100957012
72755031
63264156
435175522
128600485
60790226
71113450
10282639
3356793
70812769
61644201
140634509
118282534
6128517
463936572
76824558
72923986
17881354
18046842
371629141
980286
6765858
66437759
128631903
911677
84883731
115992510
392153892
62834629
10235996
140152177
66023712
497484562
79330921
12504417
7936667
438742702
61496930
74603102
425600022
17135112
69879261
66710395
450329642
132716530
56350801
1187111
89179753
7155251
448298592
5958730
586057
6435662
17135202
372456951
132201190
416328362
453123452
115821124
15272584
50358321
103723064
71788179
98812948
97021430
129473728
1582626
108677476
72924418
950430
62847156
70506384
83858600
16907198
783956
62847164
81328572
7929128
78135706
4244589
4123045
4463636
368910131
6817186
84187663
17064164
923524
124220618
75367209
140761589
494365542
60774437
5950239
62166638
74599637
17605514
70403438
354607701
6288930
464350302
410052472
70045135
5169791
14176911
3658048
119471442
88003855
138128153
517884
91151375
111777838
10697638
357688771
136330482
85750570
4519680
16028124
106636610
129635790
79727562
68875565
358280781
125544688
65690440
79185293
110955806
632504
126379109
96091402
117731684
510809222
675935
70813832
370968801
4290138
94676704
10783591
17330224
384002311
2281108
71304809
67764075
130935398
607602452
112012246
549692852
128794897
61187738
118195182
144544762
86490703
6722112
63893627
123418810
88328781
3148245
105247470
452853552
101819845
424800642
403915292
376191261
3965582
415166592
91293564
3097327
82264288
84842507
7504811
77897301
13978293
77378507
72273849
3669343
135369834
94195490
7624159
131010192
676836
75717120
118604324
76101968
3140142
946348
70184646
64671913
79726236
89882663
75254256
2321665
86447173
3766635
396422612
994493
99960190
142688660
3092309
60742352
140954043
430190752
136332808
83922051
440140492
351403691
62166934
60868722
75485745
1059099
86340221
62766453
122882742
110872308
139497895
3098791
80266512
3155977
2157432
100313772
15397327
13186207
67406844
67929155
16153346
68265047
4622054
29770661
105512648
82209474
4217751
62292906
62462118
78017144
7675133
18091656
492366922
84791019
136864878
61674928
61286259
113297434
97828210
105011246
110008872
121917464
76228180
61239658
142082325
4254261
82847520
472628072
3776147
12226253
2565717
72327967
92719906
6250429
74158089
92877520
4253538
13131055
141443991
71180722
93320398
82814084
598222
777946
17868690
417592062
64370840
503240752
14629000
61239653
134951404
69290313
11747930
419900132
98883340
2309267
427230762
77992143
13431974
95917192
103051052
376014071
111774712
68473156
348260741
439752132
664438
67044848
7270236
62917742
470740422
83151610
424003982
4845594
104943128
111963688
550291942
112469266
366392231
490366492
145437154
144488698
96466358
10322418
785288
369874341
3333468
29391611
613511522
568133702
144445410
80266902
100921308
369662671
3092618
17440764
2430576
63378590
119972772
449204222
117836500
68627980
80889180
53826531
377882211
63019300
2159653
86932699
419250522
138540023
67538011
937083
14202934
92141196
13275871
93036874
104488188
1066119
5900335
384071171
373780821
