3107315
467652492
3156285
398364892
118195184
74017746
12644245
66380591
916334
3749111
540191
117580364
401458132
104749760
10240194
97094250
357426771
3152603
63480990
88003859
3104486
3120617
2122565
107471434
428735762
585777
74659694
547531812
136889428
69879250
7562069
9858261
953012
18232117
15636336
125307456
427935102
71645431
76057844
19271701
104595916
71181362
92213556
609244
7818900
916339
9812696
13131052
499988812
1056919
14299589
532968192
113366546
138127647
4300032
60847163
426572802
130850550
367727671
1195496
2171456
73619002
116705130
69879259
416461342
74823775
4097308
144939326
3748159
122927610
677232
572902532
676590
60763264
76535457
61569728
75717865
98105600
62951089
69533953
479801712
60774717
512995032
3151321
365750371
17135109
432957992
88955217
88485949
7705885
625436
722610
116840964
3787863
106095102
112889796
492150022
473784012
431467472
90632837
15953642
6590103
5401389
113989162
603946
140295501
62376289
600884
449537242
2167022
630701
145494246
89158299
76253017
67880384
16670647
364957401
685227
95964488
499994962
3130368
144543152
76395830
1035785
1574660
81309688
68414905
77618075
71078033
105025158
83756376
565150
109569512
2173612
953097
13791941
75300330
14299596
85568196
11495726
16161057
947339
17946332
109703218
123345682
931489
37027921
291907
69002504
797666
73707710
142335443
366297281
4308350
542335432
1100349
90248129
123505050
13141170
66465550
49945861
79875074
14145918
2231089
70713911
1579265
70334157
126092539
381492871
124996686
4301418
70094157
79875058
5425214
357083281
93308006
983847
32106011
56293961
122447460
100311332
124433692
69000805
77387146
459572022
76376874
364962
137209148
604371
3015630
75739907
4096633
1969941
12335579
373989741
4096719
3102130
119976314
391690332
409380832
83235568
487086422
448291252
510244282
2680867
512555292
68243306
95923162
460566002
2794651
123607620
61299332
457305372
14835140
541854
13913376
127244341
73724283
73517675
17901975
13529561
38290561
953602
13982006
62028342
12744083
14299590
7439948
17827563
14948701
498386962
581979
79537936
15884847
2511224
706285
587381
7270094
121895734
5785385
62028332
70128163
91348522
78516488
7447212
125513632
1161532
137441372
99358978
7512057
92216462
414838222
111780388
66190258
13165897
360671421
77349227
61723285
71661567
7916517
555913112
4125129
82410902
534726
100598486
5959430
600081
434591642
28774851
17615568
678044
100115964
49582501
79959536
133115660
554446
106095096
82692320
24760331
495211232
89077529
114338794
144604810
134036220
71955236
95968844
950426
14880812
81609384
1090222
962691
90563089
3614129
127673411
461704132
4011404
516351532
100479474
100362280
410960192
81797186
1176775
486717512
619310
135373512
71828736
79114009
613447
3776152
7624663
1136200
354267341
13141229
4622958
107541550
12270346
532071
67929157
375437371
384767561
96494258
12210088
2167526
10244994
68960933
14352443
63034985
69863371
565349942
83756478
451825062
8066403
89538853
61860878
83844556
144665856
125546124
882256
401555282
4709947
3731410
103512984
356779431
81211236
1125903
821901
121670542
62166933
127539479
79875048
969347
4006939
366449511
85504218
75298889
7303329
4603400
3819914
123103236
1023416
79587582
113775336
15929656
61501695
705770
12269970
907761
402932972
15531170
79140657
76159511
118993056
142760716
111024446
71828723
679217
72299954
548673
109725022
7332947
4302194
477989942
