3147853
420308552
137441682
599964892
417673262
7868862
2423934
66190267
603769
69563528
119436440
143169122
806593
2426065
471976212
116127176
59668471
435917472
88806943
539340682
7779501
69051635
70172556
142745998
422904722
70207612
72857935
117384160
606665462
368527581
556031
296869491
65394415
69440663
80556564
10178913
137791013
382619151
143034080
353864631
67536340
141353331
88793933
68640549
119873596
141851513
79524340
536421032
144091194
5490696
419915742
3957950
431825032
457266292
376480941
2193499
911427
92491428
143298404
134709680
682789
6255194
412759232
18107501
68607439
368882211
137725705
497479292
2930020
373033031
408376582
15591550
76295475
54996031
3922340
3135287
5549490
77961604
373832931
61250986
6802326
106973140
369652411
87320577
395627872
7951468
129633706
105555562
98026672
9919786
78318592
129439618
549499
70177137
18089493
140295635
12893198
71306844
132831460
69070730
459661302
17606940
409355952
84267427
4395716
369196791
356119841
9489250
3129570
5161837
79726422
90355379
88858485
131370184
383028381
371441631
92159744
55442871
13659225
17442625
2523096
506245552
2847547
136341756
134950438
130350022
907931
412628522
103214986
144388566
116485558
691219
127613647
136339982
72100120
137776347
3579009
3099838
661586
3415581
350171341
369473941
81661460
373362101
531941471
3543546
17605344
14944631
12566349
102662494
662368
363733041
449205722
61263041
14340721
74176271
406313532
415238482
929101
64386861
1110030
887122
69552485
92171232
81219004
7674982
680379
432057192
36872511
629899792
130856384
114349584
84589835
65072274
906716
522622322
127266773
108122748
625966
12909158
613829
88552807
511573472
141772763
70179729
87173335
3106503
71668208
84852077
886462
3125893
512681972
64906348
916444
13700650
94935142
410269672
70562295
623616
4244853
124600548
66751003
2430344
345319471
63094589
134481678
417374772
12565432
62680832
17681697
381431931
425605932
68352667
87172883
445019772
121200928
144689596
5728862
714397
61188293
12452074
597820
64201077
16457256
111774688
13164792
144559770
569831942
12325102
382354951
10114220
110956528
423636762
145590486
3912152
76662438
75257633
53754751
7239736
446684862
964685
1108444
108169980
2680799
2293175
535600192
13132396
16477264
88137535
97541468
793753
72333627
80194326
126219051
470745192
68437783
95265480
9933657
85384674
4519777
13140800
20725441
4217495
100905452
89575431
61721869
14406902
62293726
5106094
399045762
4315299
15929304
13129207
366453961
358187221
2603557
105243898
89266343
680669
137013252
532008
463308802
143032664
11567137
145476734
61246251
937704
365456
13399420
2460989
375500401
676880
69796427
2379855
82152664
428309002
135253290
397344502
454627402
120035396
1560193
396422572
13789077
425591092
137233974
661077
130851526
92734584
70562483
515111802
452740742
62471103
7045625
26901461
440115402
374205521
14196888
64312557
437979092
94365548
376158011
70785268
1184182
132123602
636224
95402892
370426071
81262500
105011232
913374
1089860
102317382
74806137
6823905
71499794
63135955
142378797
15106739
350001531
363888961
466363742
99312812
143998726
1179358
106460628
943913
4253556
983455
78256651
6172828
12571916
542294
415887512
2256915
3060146
109732694
6697128
136869770
7812638
355562331
16047072
84564789
538332032
370314261
978992
725320
82024586
10201778
455599962
124186158
962617
106399054
527958861
130007992
4253577
135448620
3137301
15413275
538099242
345300261
90533119
74322266
411556072
69386875
69938495
477100592
79257215
428735752
2238145
434695862
74903894
4520397
75768217
7382555
419917532
404233262
415971552
3148132
80098104
67300786
599079
406307792
80718738
67155298
100408074
138788625
137080192
453649352
13094647
2686141
2071074
100908122
85404694
446651412
124127354
4315319
65395521
134519772
439645132
87396813
71137170
2261797
322820731
1125081
574731
79502286
82492118
600473
17609738
467488782
1138247
72718701
62165249
100060836
63565244
1075941
136889418
355854821
53833001
92002068
68734643
507755602
503594092
61752890
384812911
43010951
143798194
70079962
16099338
135928354
65019087
96485046
349969271
6600965
909639
1175230
115705654
134951970
123726980
909576
97455408
912819
791516
87300785
14639968
122435374
598768
524050812
397248062
122474972
110150142
69941882
481681362
631701382
446699712
104782248
2526103
127970605
61297194
90387741
543724472
1126803
2203383
576442
1151574
118587388
367614251
132123610
2506852
137833943
69295423
437290402
62417695
474046422
541400
86647595
73913842
85920925
137861479
405227342
15437791
81768074
135151140
142832896
111780378
2439304
142901634
13341419
12566346
469251812
99234648
541152502
390213201
139431537
143177464
81201778
14636760
363004751
15252346
17606179
559356602
108933468
581222272
108879794
5404597
88950649
64935410
5404466
445955892
63480994
74403112
13529562
353115491
7706034
141456573
3912707
4603397
98891740
94706150
141433459
89230241
4188295
127322361
3016837
3851969
61016508
473526272
2276508
88173763
504135772
7372875
135689686
110243488
415314762
70429415
1142585
4126036
4602450
460184472
78238356
3144776
456411502
2498905
438367322
17614591
13460265
266784
3835675
112893950
74494134
99938474
78357791
74672929
112657994
581240472
912481
107541552
348882831
450926112
3456077
10101602
2187343
3600387
6080021
3098843
447746722
424782042
460286172
81143476
96461656
623060
99341620
11747914
5674813
88968059
65441969
118559234
402828132
86096855
344545681
569559
536398
420012652
106936842
452794562
85372098
582463672
74078007
133203840
411598182
78383429
377153401
144572248
3880254
138125039
4648589
394511162
391369572
3360278
347015761
53288981
2303396
937337
948065
77242453
347134221
96459918
420780182
4287265
71624779
50358101
71898440
17637995
84911323
120731726
95964494
109517630
2161211
4007095
83827006
845909
425987342
445774922
68732043
69220510
12325101
126040089
144259000
125536816
529117801
125539808
537481942
845622
381233351
928534
133957068
3147989
77690877
61838244
84322673
71328638
141824103
101172698
348123611
142749130
355246561
81768478
141202727
2485128
15208842
7310443
2264731
89388951
552624172
144949362
102360956
535400222
3906793
3134885
695836
357617061
410960212
77305241
4224623
601015
138636805
117713650
76377968
531717181
72160309
3614421
383013941
118190292
61002925
62743214
88328691
402044422
134446744
456076022
87515931
7675118
105886982
405112012
570437912
504273532
88692579
13202023
80333936
79592254
5223159
6322629
62424935
3072016
826396
140913845
3766766
71099186
145419456
68975210
143368182
65723682
144618936
90563043
141827615
109512196
93959118
892922
102645536
1202519
87186229
471973842
3124137
108075570
7562985
937007
800631
541402
119560606
75127976
3154500
16711572
357511361
908983
39404901
623956062
133756790
6259881
598081712
91442618
106331810
448265842
401485482
4289176
4604615
64681375
119925202
113514160
368713991
392434022
139936199
70445153
14886639
2600934
60722934
16328423
865696
785435
52872701
562455
22430101
1137806
124472100
103551844
776053
65788123
13249479
84747749
494497892
2229395
4585245
3959769
466638842
140640141
79894224
407188002
2949679
65452731
541140412
1151528
87669875
126797275
906628
11074361
476026002
60847150
69241456
725235
28407221
115416808
52554631
401795792
139872965
13655150
3135644
17588289
49945931
87935351
72287244
137724059
10875729
72924172
102856492
931591
4274028
25574791
555550692
37217221
94015218
439707392
14769209
105281096
1489308
7675092
13787887
61697703
1118861
385295461
6062601
92984012
89077575
60703653
109176408
135875052
75128243
422438302
3134131
138304535
585601912
2294374
67499238
535487182
60831489
71127935
4116963
103668020
98374856
75470169
982834
103797926
137966737
70920917
17773286
87396811
562682702
2456881
69980010
13715967
386767021
21548361
75624219
571243
114788680
493090542
76277926
133764546
373997751
74041150
509191332
82060192
364915271
4162688
100052812
378743901
448532802
