674162
2514677
140869465
3614665
72004951
625672
71247303
12801783
375157651
67503792
83231546
121258078
2172900
138546007
520827452
134524258
66480897
120739020
64680912
71253927
74173036
133577580
78498693
3130319
3089235
13792624
390213151
61108933
403074632
135870546
7340163
5363024
17191428
62220854
134966720
632493
134945410
83936989
71830181
435175532
407250752
2497140
104867440
2889780
74077847
910223
3130304
76376876
3146149
82257536
7193834
67795284
420269112
435175482
62290954
881563
982678
116348212
2438249
3169698
72420916
15177998
95890670
83111394
3616531
17347963
61102353
73135389
63790890
112662288
983258
765436
73972218
134525904
77897436
435175552
127063153
83841460
2300170
4087068
13483750
3296749
3971812
1157471
629466
346434651
75716617
130484710
142986206
549918
491767152
1039986
4311596
3129748
136408148
669799
71483067
424567602
78588920
61644180
81366296
86660057
7674865
73981765
404284422
76543391
67231431
17347967
136340728
5664754
72371362
114811604
8164649
2423924
417673232
143858022
444261522
906609
1123889
78282093
70584821
89458301
60137451
144572232
65445466
78129603
354841821
4311268
2514691
61109754
142986214
89844261
9997018
66201356
3137509
97032078
2686140
97327614
561894112
435175512
2312047
2577957
606122062
3087538
2855891
79665676
82257538
68414397
78282086
72132348
65788123
441178832
79875054
107955594
137281944
3099009
17614655
4640032
2221574
17422308
4603407
61424047
111780390
4195714
104952384
1175626
515558682
561856952
80561460
80274516
13020453
44210501
136336118
3134036
15177424
3437883
417767182
14525086
125539730
106301610
2288465
78366255
435031622
426703682
3589474
75819429
4603399
132560802
13651729
3028628
145017214
143270520
72299954
477452252
71836457
922138
72420915
360301951
77897440
394716712
788457
136340746
136101176
13651717
116348656
112662378
3122252
17615563
2847450
705509
76543368
5425042
534462
417335732
