144618936
523114292
68442426
132029880
63653810
126364573
123139844
81328158
13112883
916841
16175104
94755868
6269378
4585482
134573543
131739898
66221584
356003351
395058442
1022290
405243552
97026906
508815222
448428062
71653994
382538991
414894102
3909731
3135336
78389969
71653998
14882624
79641598
361484231
346578511
524666512
475990662
112889796
116955098
3072020
394080372
389278601
440572742
66190263
13177906
414750032
133120054
126718535
3906972
16356504
3139511
84574199
64278779
105497772
484664652
140659723
378072241
135736388
407937112
354054791
97342130
112685710
12169961
17827560
908437
62847158
105716960
6461441
408505752
2553273
79311681
435477392
437930382
378745711
145532054
70322136
71131653
1143499
382987451
67447156
537724
94037380
397141342
7406738
522271282
4621951
361972791
2693369
533981962
783489
143508104
134033940
78602729
452131442
601886
25002121
984403
111774722
927718
15929307
492390952
3635431
142082325
145370200
17418410
127075445
450875202
76159511
17634208
93477516
17221596
7681345
381492871
71608366
118489506
435306802
8086133
586057
906436
98100184
959196
99184660
62471687
382925831
388570941
1151528
346967941
127242735
13776567
1114756
109168976
4086858
14892455
606997572
372299501
6489970
3432592
428308992
364951
4113352
29199281
130414240
71452919
2426862
13801860
132199648
133098616
49945861
69404587
17610768
371619311
4008548
93853162
4300243
5592970
914258
76272587
457149462
74271401
825817
12785957
114811590
5614669
437930362
16499761
144145816
3088069
98026680
72055416
144388546
128099969
3148104
467133042
137796613
7365614
71102315
413933392
8112357
130855270
110805984
3399877
597820
133261850
63266242
112660698
412860042
70531540
404344742
3588703
1020862
7117058
3614129
383559011
2423921
3551883
129324476
68748923
132389048
2847448
4254800
75243672
448298502
365108
581751572
457305512
95254412
10101970
72082917
3461986
427205962
2477963
4309449
2795617
17608830
457299782
129324466
356518621
107350844
3539842
365936851
1176050
69592703
408766392
72924126
72521073
122552782
98891740
62070481
362725301
71511141
116022994
91352068
131743158
409972742
2204396
4602455
134996364
67873524
1572686
469409602
454634792
536421052
454314282
68926934
11897620
395865132
1581835
867061
123505050
380536231
87669875
140835357
403379782
97096564
565609502
7561780
385581961
415561562
12711111
2438124
15408612
1574624
504465232
358006021
17681727
340940881
360301971
16046879
375990201
110068158
102854264
909346
14340430
124996702
516850382
402932982
77555049
125972439
139111899
3138696
78016466
2660624
16597546
3389258
401282872
2525505
531666861
127300333
15586220
62744403
103057440
769978
75056040
11540973
94116476
1177996
109864136
45490201
13394787
399066782
581751582
3129366
143061028
142335521
127803599
12270345
530927731
78797406
128169483
96133358
113248886
662472
413786272
109300764
14406851
471581522
92139526
4621961
371625871
428537492
519717502
602340
12343171
13704988
361484251
1572694
393894232
59509591
412550722
556779102
137231526
22369171
616987572
44586851
382272411
369223131
513879202
65191194
69982617
71955246
142129777
46676721
365578381
15078236
69466071
1915902
449032252
89597763
20557701
4588209
3164997
37217271
542021
410960112
7270085
93477518
619622
71641958
511044762
353121641
1583370
77913401
357037431
16705461
68771818
62220868
13204945
78068437
139116529
122045068
540361132
142832906
14875962
13336072
138139859
410193072
4097303
29735521
105362076
67234547
92829000
2124748
41294211
563469
5277573
357195761
77724912
130850546
86332801
509138002
3544008
72502189
63533953
98980466
128658493
1176069
376583271
125651230
356518701
143279674
468326752
14931915
144386232
136673172
466896982
134298668
453892162
357431251
116116580
3159326
117797204
4274028
13805892
89570667
3905059
387316651
124689198
23402981
4952887
69692593
62084946
449840722
96461836
519739622
3235532
122554596
11839043
77468107
11518994
86730957
12207223
63042031
61089201
7779542
66751003
4519514
65220464
73999063
7292420
412964522
13304253
493077112
7374033
373297111
129427692
74231997
10927749
414838112
4311271
8141260
6588200
7583579
2250256
364172841
431467522
135047382
937951
128956488
398940892
499789222
711195
6918357
110805986
544018922
110296784
105793358
126608395
526427252
80443594
3147136
662490
1174599
79770840
10160532
3112213
28499261
62225402
378796181
84310503
11735802
144391372
87335639
386158341
134336164
137821977
69323110
4288200
740318
428540342
128546547
3754370
75212173
371858481
131963734
491058552
110170472
118516574
121926930
3233674
99348010
75314047
111665360
59668531
783900
78383552
91253230
17610809
17773286
17768061
10247032
13073002
141687143
422438302
67044908
357917801
79475792
396118722
68976286
128706953
9956160
99346744
83116458
141680515
60906320
500233462
1086633
92739394
86835397
377718491
32936091
607841
125075248
86016251
131982320
558846162
102417226
906583
144142412
581389
112423350
789214
133203840
93376434
109864144
378796211
143781578
2235310
3616662
71432814
2661882
459977232
4188503
68947757
60783381
131812318
73064037
473745402
88712813
63893627
74431795
448416622
104233794
95402892
126608387
502469712
74249937
1211407
127322369
381206251
1162525
133922560
430494752
905554
116953148
12620317
358164791
121594174
7624158
88152889
111665344
71088803
7263732
134423820
103311648
349658811
488399192
550340532
690526
438865452
496289212
130012244
98100186
360302021
16014485
2733680
65227254
17135103
3144776
14172440
416704002
402601442
575943322
17880990
472992692
3153537
375745881
3825413
417355462
714397
44761711
5093875
369662671
94108090
2286190
64783924
456965102
52880111
68582505
3918210
17853704
118031118
134443916
5304870
94523940
398001722
131613964
71738557
94086018
73945459
585602542
7988255
112667920
135263658
3119072
425537422
80265248
75298889
4288205
481510402
70355759
3875060
3157685
386166821
568844612
3907803
77834658
83893753
70682005
383973691
113342782
401788962
67499274
121922490
350171301
128552785
477966682
135203374
132643906
64931064
126500245
470591522
375461671
129869104
74736779
123852690
11732008
144958872
81363982
94096086
1103102
371626761
144386112
130418128
4530763
378380941
61872730
6494872
2194974
566473562
133579138
463377032
73738187
88614233
65446363
627542
143172436
463812852
235469
435341132
46676701
87536165
136343168
344783211
450485602
5840772
90250619
410548402
6558029
71967083
1973049
24276901
481488362
715704
111775224
526044612
18472071
434924002
9489784
7583585
63300096
123341528
10357400
96824112
380147541
4602449
764317
13789077
84694367
431265622
15772749
29381021
1560019
92983374
120529116
84382469
78359034
103299730
70697288
120769814
420471592
764294
482869212
3132346
438905122
373686251
4519745
121335724
129309570
441050772
449197532
65657281
453079572
535305
863369
393240272
91018361
526127702
383803941
90250607
80112340
140534075
613234
549558002
143348590
360206811
3129408
126846613
62229184
90807733
415112982
104552024
130473172
112744102
74525092
466655952
445236292
5278001
17480423
347196251
452663682
16047072
497479342
487063022
7270086
383849881
61089177
543135622
69159187
71124050
483848392
85951199
95258854
105221190
432877462
908115
128098287
3081268
134539418
61999247
3667173
66937240
2283271
12109424
83389314
130005964
367709971
46280471
76520779
131748928
4433331
136889404
138218663
7270079
86096385
83919283
4125087
130414234
16705459
5448333
6608954
2420400
2794365
72294257
68515254
391669572
472694842
83385598
3155996
112857686
93477524
142701952
504585452
442693272
74227639
773586
65227251
105392038
583177702
447098152
134521544
383096491
403869352
498330892
66743917
4309950
6105814
7091374
401472872
136332674
5288626
56725611
96468134
555652702
9975826
500307372
133348200
136883276
70259390
97615912
144389056
1090020
61698464
632284
72370901
3525663
451345822
62566553
6214596
17451541
69722265
1177883
11616260
67795287
112667892
1574324
1467044
5490700
78799026
131751018
13586716
541013702
46713001
437930352
579934802
79125311
60698275
80885550
124427020
559211602
494866062
92233614
785435
3826694
13128737
69828702
137099522
438865442
84857497
357083261
7270080
64821165
124608238
6128517
112264768
6322630
423745182
81837008
6435674
74158089
85275022
435175362
68943068
6599837
576178782
398774112
417355452
394432432
2519846
472992662
7374481
4520994
421176752
143138892
6917807
7087523
13851424
410107192
105710114
138619071
424911292
124988888
921875
28499271
75139879
139111893
399864662
77554028
356902651
3129323
27552581
412814742
81090056
70466282
35748491
2994500
603974
705271
17064271
83151446
350055591
3130445
141284779
71847388
104200220
2480949
145501460
663165
75680196
402137062
77379682
455743182
3829145
354497621
427072122
127242877
377416051
138856767
449072022
15474101
10100698
133215526
405314952
3095889
71427982
4709938
483916652
912847
69001877
371500441
401989212
7146281
450535342
365649421
1601661
137036976
86788941
71528857
381810741
572877822
77504855
116817266
12914358
69107808
351595701
46435771
37027961
13636281
71039604
94652670
70389820
73086894
13103121
125585300
124013734
412567582
145370202
431102612
132201198
70041293
63424927
70562299
830309
3843591
28236381
34597871
88577485
125538518
129287494
141483851
1112266
613642
69331073
131391768
3129431
3112344
506246932
3135127
138100747
99291016
11844871
14499480
1023416
70638881
447098122
94574844
118262552
77708477
109739488
351595721
4254808
120731726
121036434
13247868
75610716
69000252
137202026
381232971
58779031
662471
437203682
61972436
435477352
403743052
144385566
13130990
537142422
3611525
3138695
111599562
568138012
64627716
478600992
3142371
63432532
456913902
131337180
504242152
76908491
128950996
4091624
345997081
130935398
109512220
56293751
61466570
537435852
144572236
13776577
909576
76881284
79572306
676854
107757932
349803981
130413130
62546193
77645763
6076856
442693252
369871351
144456008
113366544
6166675
3136505
422130572
63379186
104088780
135876674
82418390
100590116
427902192
937284
140179735
65445752
16161057
88328733
401582612
69927099
59668471
370426061
97328510
63226621
17479889
71844196
439216042
65247383
143997218
120352046
144203466
88209921
3070564
137260126
82579212
100614604
134044288
72313416
422942532
60922887
3788287
135053694
114138690
69739109
75149096
76539677
88936759
24778071
1161532
424597002
72294262
97796588
2124370
1067076
98135640
104797184
61644189
408691402
5223147
