469261002
355654791
79392487
472898522
69959815
3157972
120739026
7675649
612118752
962165
6011295
3579013
76002384
113418500
111780402
65759926
132265704
629466
62723999
4315383
144389058
61569725
61326222
15439785
136889434
64449000
111780412
94754894
94363796
79587580
451728672
139102493
525345662
105707374
458487962
374283241
29381021
79875050
13543546
373045631
61569728
86044533
142328215
869547
16149853
419280412
102364678
797666
411109542
350171331
422202502
7675066
1100884
13174764
2154095
916259
141403705
406600502
126884459
13484667
79363293
16707799
2292064
127212377
397302192
74872140
72283607
616700
70403440
14066132
105765234
922102
8110298
546130
67795286
119465388
368620481
73106191
472992602
351595721
2452255
23407031
478077772
52735971
13913367
1104859
17614534
111482314
90248141
546875652
60978718
613138092
144572220
3402413
13529564
62847142
6986083
69005967
13651722
64482460
84158969
105498808
126011307
90248135
65440519
65445746
366060621
14579026
113418524
2271566
130855506
84683089
3905056
538340
102420490
61108933
1169683
4307635
524157352
381810741
355246571
480861232
443320582
72371362
349482641
4119924
124120364
4368116
142742464
114990962
4185902
2282486
100722468
4307891
351056761
71171865
77730623
517740632
120559578
66201359
2660146
136340728
124701056
66201363
112662362
134945410
141411969
447098132
910908
62738610
15026096
92425554
16047072
83231546
97963058
925399
110057148
112975086
107900036
916213
426021482
95060040
62082981
351595641
141827621
139904165
74172974
117797206
17615563
416112602
106061602
360550741
539562302
6960556
121239412
134874868
124237636
55015211
11080501
136101176
1574788
4538913
402829542
3358364
2103588
100886098
909003
92962970
66244698
365357051
115403574
59054061
69466071
17258766
434275362
13140274
14629005
136751326
785176
108286994
411556072
71512092
1572771
107394234
102362596
70266758
69002049
83841460
606611
3156285
10631577
65737077
3110856
4688230
357859971
66660698
63456724
361670711
624823
4588209
4509220
4338601
347525111
92290390
464222602
537474442
70199385
360301981
347479341
3365757
599423
72544970
89860941
2447443
1145131
79875054
3614665
72047899
475990662
582003
83111394
3369074
63456714
104099668
3028064
127650117
72544967
78282093
343856421
581751632
22747141
16149860
15397232
10236004
140868843
80274516
918048
131875288
16948182
114802822
1123889
100067510
4509227
3100405
419137082
132417732
124197788
71734900
65288701
424003982
4540396
45594211
144258986
3138729
129632340
138544671
59054001
2271563
410960102
119921500
85441596
72299954
79665688
83240446
142986210
84791753
71511142
111665360
85918459
13651712
145471520
103153616
74173048
130412794
92651368
684038
480183102
94664180
8086136
92818806
131342908
111780378
87396805
66960113
7561784
527930531
1143499
99312800
139787513
409166172
407250752
554446
3113979
102853306
2247835
3091911
84490459
697476
70036201
3119023
58782311
495875862
140859371
127247963
3787857
394656232
2184624
140351225
134524258
1023416
411708052
97342132
14259339
632025
66435048
53123361
143172414
532349
3484534
74704496
436551402
61782173
548348632
145501442
487381362
482986852
137726977
470287772
15522243
3127387
564332982
2659940
369547691
452287782
629899822
131738890
144940636
131174158
678894
471408262
3129325
425662702
3787855
17612004
134336150
75623685
144388546
89106409
121427914
62847144
356902671
130094472
100814018
111780388
597166
128948012
927900
511515822
79419029
10064649
3093992
382387701
1138321
141450287
122109068
17347979
76984849
142761758
17393623
360302031
906609
46042341
401592572
90655585
144572232
2680853
372922411
139470657
142752186
70206826
65236033
141334727
137727927
3369080
495635702
486928932
71645390
121535502
425662542
953611
145703484
2680160
124262674
345192901
358972401
133694448
132937448
91046783
354631851
97036372
112662360
88252835
784321
7193834
144506694
72410393
595070
346687011
16501728
61644202
63884541
66190266
14955980
111780380
415238442
114802826
4509222
912738
105633410
103512988
98026668
435175462
89701999
96459974
464949312
99976960
131814014
87321237
498130072
77537345
441178862
2485108
132625720
38113691
7044058
3657960
4307896
85471942
84693971
65723649
126907191
61644207
13130077
111780384
120670682
62630480
83111376
473143372
70079729
2420463
3087142
117115136
16668499
677484
76220160
474275092
856498
412536982
3917164
111777920
14882312
510905922
498130042
89538851
10157599
3273696
383301631
126448711
129310360
3232329
2244816
373746781
912486
12254286
71511146
331527911
940332
378120521
62082977
51867991
88692579
83936989
94664184
932473
79875044
69500378
3117895
37027921
980101
67320702
100251364
118183730
16319227
95112366
62935019
583177692
112667920
61501695
132194764
99625818
476699202
136409902
913858
4538926
2477001
404284422
2193275
6524423
3598718
65723651
58825781
137726999
507148102
2577966
7599937
2168819
9837152
3119029
130414902
97900082
12655860
366297281
17416804
65799943
138546013
14497049
114802900
128947092
118660574
390514771
91466788
365344
462291022
119279866
371625811
107744180
94999578
76018938
2681007
145427170
137726969
4677402
125987697
66863675
61466570
69533953
83844556
133146482
482902512
19881451
83729222
67578121
128706965
457302122
76110611
583177702
131182450
127678863
109169062
418497552
120342728
22748821
75800620
2511970
422942432
10274018
418187542
72544956
464350302
127171431
3616306
355724441
7562926
141978725
132200860
3159902
14340429
79779580
70079956
83240444
422201642
99976976
67526139
415401802
505015222
106992978
88419425
68787195
14405197
558252682
2298447
70646404
135674870
142082313
113418498
122515762
601789
71836457
542389552
595920
11470485
429974992
66960128
17416529
550102
