105025158
70506864
546233532
15139378
106325994
414838232
4286051
70266757
100421358
64971011
464419652
126376117
425012712
123903244
2423901
118190304
133661814
78442646
13975779
408771142
129011934
887238
81260704
136338624
99976954
377471531
118986142
90213409
546578
916427
1579265
1112991
376231171
17135108
74494858
71294452
554973692
7674864
80274650
124600916
555913082
10235995
125244224
547833052
116348464
354918041
3256016
472992652
99554668
105286430
2319638
363834871
44231031
133102484
534741652
60200381
91934728
62070477
137726975
534628
137726987
76520669
427608382
124603268
1043879
124262680
581751632
391727202
17608742
5351361
5092738
2320088
77369729
72160314
534730
451254022
1015879
467988082
535526052
365067
5094040
135374522
73724284
106506522
411556032
417195062
1043894
398055742
79965994
373063001
103549360
92198180
104226826
3090875
79801618
79590714
66609426
74494863
116866554
1109730
3129408
143887244
7706014
61644199
16607977
553193312
962260
1195496
136864898
143171642
393477332
106506516
17615564
109843102
72823271
6461440
402131232
15781392
144572216
68016602
1024973
76520904
457086912
450179142
925111
676573
558528302
14309710
355460061
103804276
106754614
421630942
6249579
79319969
144393668
378806591
128706965
797434
15546831
15781397
7453620
101660347
135372064
4733113
483320042
413468802
5425214
13140214
14500184
460570702
124237488
