68921951
2440600
526114512
5093918
14927135
9812706
71636432
1095830
76430188
105356142
135980080
135065484
79419039
127573781
393832822
4845594
365170621
113424656
76263948
99105104
63460778
10279834
17199784
3613560
63441317
801847
96316288
881553
419482282
72567468
85404694
568108
100816100
70428569
8110299
539314222
1125954
75502847
14697946
16696240
35960221
113412966
118184426
97786992
7854284
483073592
5341213
6297757
581222412
12206948
1099273
94065960
135875052
131228028
97342714
17868552
14835140
122703248
70553168
125288670
106095102
143183428
3583337
921716
520031902
563085372
76396251
68861114
139874829
13939962
133639118
99689648
5094200
81940968
555652892
93954200
127365547
78010863
429126612
143158370
7198180
130468788
123788274
62290966
3403716
72924236
13131048
136338506
421262322
2712475
108570738
2553807
2577965
6297562
1125758
876578
90250557
81072046
863160
57879981
110549638
15108127
141428023
13165748
84791527
115034744
1171077
68936299
78269286
69018826
15593569
598081672
88848003
125333404
12754294
4225613
106258848
508351842
14477354
69874202
72375741
144572666
70331833
105355292
1165845
582463672
65445461
105426372
72393751
13304453
3099009
70089141
416139982
403152472
599964842
983847
373952531
66793924
73556406
99554794
4253146
959908
14574292
89844261
81263834
90823183
89961351
68120647
70206830
4013664
105296612
62571184
142225805
353094641
4670271
90780407
131186474
13483750
101739425
99127346
129700250
13791930
17479809
68046665
345377621
3135334
100484726
3130552
98975372
142337691
62376286
4287265
