68936276
117301116
824983
6920213
100364120
3360829
137093644
105836648
67162507
13787885
93542022
451419292
136889404
71853102
403850062
142334709
105121570
3839473
62409577
126092539
87507189
68926313
69144380
2177861
62847146
128769059
72127854
370221651
357901111
529902351
10175664
92089102
422202552
119560606
62072000
109864136
373409121
113107920
2301430
62352508
451127472
416112602
115066974
3886179
392906602
76560668
136404342
78108686
397223272
13569630
13145609
565766702
7773018
77901255
383785551
80164322
412710302
89652451
1436163
97973160
99365666
2176913
3112221
577893
107668440
2556778
103878140
22784831
96861534
505511412
552500
34604251
91985886
139168017
442235652
436495702
362990191
555905302
432350792
121126246
103551844
62577736
107474522
3430132
132296606
449042252
90563043
361256731
365332
3094018
69331513
446877872
451728672
74368660
144944460
83925323
553214192
127201625
2428862
132774776
662358
358089771
17020157
14616927
83941475
75795813
3356773
453310812
16631541
131351882
600173
95254366
137726989
3824093
61254077
137833941
60946211
141200471
76809763
142924876
514453502
401455802
72363389
79457485
406116802
417726602
451680532
6010768
144947972
2686145
105768028
83240440
107675526
124268778
912039
128552581
53123361
4256605
468253202
112889774
112662374
3116994
3993054
1053678
79665674
78498693
7571196
141433455
466723822
496492462
12235217
7246677
3358382
135949710
944167
128143145
3885293
419380532
376781251
419166112
361119941
423791842
131293706
118731456
74929300
451675412
138379927
4086624
90071935
368620481
101210726
14509804
96398252
124220438
4368119
1184389
98000684
88420213
459494442
128993608
438292362
414838112
555913192
79238973
527022462
141879681
445244582
106312440
355425301
489371992
420792112
421035932
111840540
109168976
99408328
92298790
293192
14490160
374121451
72411358
526618002
458532832
78436231
141816617
105389604
111133764
70094153
96458854
3087410
383684421
3135405
129851990
106120452
415732802
2429768
111780464
140469603
12711423
121637106
1165420
144947578
130863498
89386731
2285126
17357775
16161195
863911
85381892
1903987
73064037
556430532
419907962
117713650
922194
64489047
86340471
2960311
62847156
136405744
78733994
1138006
106442836
395728132
2293097
2847475
565481
126938657
344982321
90817657
96448732
93699660
542389492
459546692
136337270
64972425
117062340
11123782
17390869
14955977
118585342
138125085
104010364
2171221
118183608
107744182
439066992
455366392
463135162
442848742
504011412
105011246
932734
56889651
1101413
69447083
17599714
141591261
435821742
94422870
13241989
131770762
4315321
88486709
129633706
139826931
368910131
88253069
16667842
10309162
114422238
138124911
507148022
132640312
374251561
76985025
691219
98060384
128156033
138123337
74287046
586642612
457025042
4162670
120739026
141338477
13787884
372123871
425662732
95956414
1038490
85404248
139705137
134525898
428347832
418203452
3358366
124170454
910909
382268451
726820
420902232
69257847
446609902
953103
28981721
373968991
70697284
370525791
391824292
112685706
133165738
1095156
118691644
2830172
90822823
1109835
130413584
140801713
136331128
353551951
514940812
118807482
123072230
474654812
132148022
97313252
505014662
567075402
345406971
75624818
5617018
570239
475791992
2503276
351537711
887895
135373120
14431676
354631761
128546537
529170951
101819685
552942362
445027932
109578122
61700774
454627402
89815099
504135692
1436193
62817673
91490302
378878131
71092110
1088123
65445748
130067286
365649521
132867466
3390998
