676840
64848602
17135111
4946882
65445752
130778962
547833052
70322134
7675055
395664742
531907551
614756502
122886138
73772153
136889410
410960212
536484
543894102
132270322
56894511
97096562
983238
7674864
4116951
3085538
71828726
106997288
366297921
363834871
735181
72122246
121705262
92872158
2248436
84564791
478896432
13341413
120359050
8317019
8011853
63034985
953099
17135121
103052662
106095086
128948300
92734602
22369171
5094562
79875060
1123014
374737281
551577722
680518
17634208
87543293
71645390
10100698
128169483
141822951
94424876
502746922
6918357
664507
75212173
385049431
5490699
676198
3098301
909885
539289942
579934782
74249937
2423891
7562926
99976974
139450811
101764833
534854
2288490
145432614
2283271
437930362
406305342
72055416
2551690
3538068
77468104
459977292
44230981
362539251
2139735
13749633
482843042
10006347
138547415
361113211
472992702
72059773
674711
2149886
2544628
124996696
1075781
983832
571902532
558985
426445912
14405199
428537492
428308992
119826418
89125337
375689861
72371356
105286432
510438712
519643772
3339455
66404565
603072
14628999
65356224
124603268
2250256
142004061
124996700
62697392
6080021
6487922
679217
69331111
62891828
107715248
65220457
67234547
14881414
1105736
470745192
676183
144572230
142915972
351669351
15565669
13975779
380147581
354918041
539082112
68772205
6558033
14628995
130665240
561836
870064
136889400
71653994
16918509
89077547
15586369
56894481
397729422
376231171
72160320
121648250
100067510
363592311
60977514
18174112
3658126
2319631
106746752
2794603
97342134
130543274
71039604
916339
99976950
85206346
60726426
513941212
141939545
114395832
65446363
472992622
14720167
91987448
104768246
398364892
361134621
79875048
435491492
71738557
369184591
676159
916436
136101176
13783453
9915084
70266759
432953982
73616508
99358978
432954122
555639
615664
128099969
68586753
74494858
2803784
79534024
123883254
442693262
7310064
440092662
982668
489126892
84382633
79419031
607684
81609384
13208810
132265704
385581961
143171642
99528508
2321662
560336152
452224802
17826508
664107
358920111
496739092
137267854
134336150
144145816
80870090
449056642
6461431
389040611
72089392
142746158
118187184
65457660
13529560
65247383
99976964
89077521
449032252
60779832
420010722
137828447
15618526
113418522
363418191
572877822
351595631
119437604
144572666
547833082
100004590
355724441
125944845
103052650
444333332
413807852
55003861
92720046
62936658
414838222
2171456
18063013
70266758
845910
505204262
456379902
797409
144389058
7666481
70506864
6128517
95978792
3100444
460299082
128545171
12000509
127325051
73916147
450889192
450355712
63510366
87370647
105499630
144949268
111482314
446806412
70079959
470202132
78516488
3155488
117074452
3729755
5592970
87371673
65220458
482986822
130118555
575891702
128706969
95762418
3160070
412210512
482986842
6250429
2248431
86332801
129324476
385582071
1112992
17608830
413807792
6461441
73528755
128095671
65236038
440248322
14299589
70697364
676954
2794365
373531191
104847438
916445
543724392
3165194
91855112
403700892
91855102
110152052
392164982
1575269
137911999
108851692
580851082
141918597
70403439
1109730
554446
137727021
411604652
132634800
75717865
94523940
110956528
