68442426
132029880
63653810
123139844
81328158
6269378
134573543
131739898
395058442
405243552
508815222
382538991
77918556
3909731
3135336
361484231
141463711
112889796
394080372
66190263
133120054
126718535
3906972
84574199
64278779
140659723
378072241
354054791
112685710
105716960
6461441
408505752
2553273
79311681
435477392
378745711
145532054
70322136
71131653
522271282
2693369
783489
143508104
134033940
78602729
452131442
25002121
143581066
111774722
927718
15929307
3635431
145370200
127075445
450875202
17634208
440054722
7681345
381492871
118489506
435306802
98100184
62471687
382925831
1151528
346967941
127242735
109168976
4086858
14892455
606997572
6489970
2812310
3432592
428308992
364951
29199281
78349344
13801860
140551809
133098616
49945861
4008548
4300243
74271401
12785957
5614669
144145816
72055416
137796613
413933392
8112357
130855270
110805984
3399877
63266242
412860042
70531540
7117058
69785726
383559011
629899822
2847448
3839407
448298502
392315892
581751572
95254412
72082917
427205962
2477963
17608830
129324466
356518621
107350844
1176050
69592703
408766392
72924126
72521073
122552782
409972742
4602455
134996364
67873524
1572686
549341032
469409602
395865132
867061
123505050
380536231
140835357
565609502
78442909
385581961
12711111
2438124
15408612
504465232
358006021
16541038
340940881
102854264
62586678
33216111
909346
124996702
516850382
125972439
11655530
139111899
16597546
3389258
401282872
2525505
531666861
127300333
62744403
103057440
75056040
1177996
45490201
13394787
581751582
119874184
142335521
127803599
12270345
530927731
78797406
128169483
96133358
113248886
662472
14406851
371625871
428537492
12343171
1572694
3872734
412550722
137231526
382272411
369223131
613512572
69982617
71955246
142129777
46676721
15078236
449032252
89597763
3164997
37217271
7270085
93477518
619622
71641958
77913401
16705461
68771818
13204945
78068437
105477440
67354827
139116529
122045068
540361132
142832906
13336072
4097303
67234547
2124748
41294211
563469
5277573
437151272
130850546
86332801
509138002
61782173
3544008
72502189
63533953
98980466
61005368
128658493
376583271
125651230
143279674
14931915
144386232
136673172
466896982
453892162
357431251
116116580
3159326
4274028
89570667
3905059
387316651
23402981
4952887
69692593
449840722
96461836
3235532
78099009
468663242
122554596
11839043
86730957
12207223
63042031
4519514
7292420
412964522
13304253
493077112
373297111
129427692
74231997
414838112
7583579
15026174
135047382
937951
128956488
398940892
711195
6918357
110805986
544018922
110296784
526427252
80443594
3147136
1174599
79770840
10160532
3112213
62225402
84310503
87335639
136292502
386158341
137821977
740318
428540342
75212173
371858481
99348010
111665360
783900
17610809
17773286
10247032
141687143
422438302
67044908
79475792
396118722
128706953
9956160
99346744
83116458
500233462
86490065
103867554
92739394
125075248
131982320
906583
581389
789214
133203840
62376277
109864144
143781578
2235310
2661882
459977232
68947757
131812318
73064037
473745402
88712813
63893627
95402892
502469712
74249937
1211407
127322369
381206251
1162525
133922560
430494752
905554
12620317
358164791
121594174
7624158
88152889
111665344
71088803
8317028
7263732
134423820
103311648
349658811
488399192
690526
496289212
360302021
2733680
17135103
14172440
416704002
402601442
575943322
10114226
17880990
472992692
3153537
375745881
3825413
64783924
456965102
3918210
17853704
80111622
134443916
94523940
398001722
94086018
73945459
1175614
585602542
88969467
7988255
76984849
126503749
425537422
481510402
70355759
3907803
83893753
70682005
383973691
401788962
67499274
350171301
128552785
934434
126500245
470591522
129869104
123852690
144958872
94096086
2917266
1103102
4530763
378380941
1099793
6494872
2194974
133579138
463377032
17604917
88614233
54995881
65446363
463812852
235469
435341132
87536165
344783211
450485602
5840772
90250619
71967083
1973049
363713281
481488362
111775224
526044612
18472071
9489784
7583585
10357400
96824112
3147298
764317
13789077
84694367
15772749
29381021
92983374
78359034
120769814
420471592
3132346
438905122
373686251
129309570
453079572
863369
383803941
90250607
80112340
140534075
613234
549558002
519696832
62229184
90807733
104552024
466655952
445236292
5278001
347196251
383849881
142528531
543135622
69159187
71124050
483848392
85951199
105221190
144230616
3667173
2283271
12109424
83389314
76520779
4433331
136889404
138218663
86096385
16705459
5448333
6608954
68515254
391669572
83385598
3155996
498277812
93477524
504585452
130855172
442693272
773586
105392038
447098152
403869352
66743917
994229
4309950
6105814
401472872
2802721
5288626
56725611
105643420
96468134
144389072
495396822
97615912
144389056
1090020
379048611
61698464
72370901
3525663
62566553
17451541
69722265
1177883
67795287
112667892
1467044
119873536
78799026
13586716
46713001
60698275
80885550
559211602
69828702
84857497
357083261
7270080
64821165
6128517
423745182
81837008
74158089
435175362
68943068
398774112
394432432
2519846
472992662
404183262
421176752
143138892
13851424
138619071
424911292
124988888
28499271
75139879
139111893
399864662
77554028
356902651
3129323
27552581
81090056
70466282
35748491
2994500
705271
17064271
3130445
141284779
71847388
104200220
2480949
145501460
1159409
663165
77379682
455743182
354497621
427072122
127242877
449072022
15474101
133215526
3095889
4709938
483916652
912847
60688255
7146281
450535342
365649421
71528857
503026572
381810741
572877822
46435771
13636281
71039604
94652670
138726915
73086894
417460642
13103121
125585300
124013734
412567582
132201198
70041293
63424927
2431283
70562299
830309
3843591
28236381
13247492
34597871
88577485
125538518
129287494
141483851
1112266
613642
3129431
3112344
506246932
99291016
876430
94574844
77708477
109739488
397419502
629744
13247868
116705130
75610716
381232971
662471
61972436
435477352
403743052
144385566
537142422
3611525
137729527
3138695
1436129
111599562
478600992
3142371
504242152
128950996
4091624
8317025
56293751
61466570
537435852
144572236
13776577
76881284
79572306
107757932
62546193
6076856
442693252
369871351
800613
144456008
113366544
422130572
63379186
104088780
135876674
82418390
937284
66190261
65445752
16161057
88328733
401582612
2232360
14202934
59668471
370426061
97328510
63226621
533982102
71844196
65247383
143246746
3512558
144203466
3070564
137260126
100614604
422942532
60922887
69739109
75149096
76539677
1161532
72294262
97796588
1067076
98135640
61644189
408691402
5223147
