119874228
12109419
144618936
523114292
145240398
17258767
126364573
586163302
456402202
2506859
558503722
66772088
450274692
71171859
61752301
11122798
69000284
13112883
916841
503132632
16175104
3107317
94755868
68628123
4585482
427222122
131342896
66221584
356003351
2281117
424844192
1022290
130010216
11801549
97026906
72059729
112669628
448428062
441117632
143401584
139563499
71653994
906621
134336134
414894102
90408893
3129603
97096574
494134162
13242000
78389969
33582591
71653998
14882624
110956536
373970241
79641598
346578511
5840778
90006587
524666512
475990662
116955098
3072020
71297162
389278601
13230129
440572742
141425353
61187738
78099006
13177906
414750032
572100472
44300931
13651722
126368273
420845522
16356504
3139511
435800662
70268204
105497772
484664652
880949
135736388
407937112
97342130
12169961
17827560
913374
908437
62847158
78845798
401989132
373746131
1172722
61718374
437930382
690796
132214842
444472222
14681034
831033
90838709
74516068
131814014
1143499
382987451
67447156
537724
94037380
397141342
2112979
7406738
131981832
22784811
65236033
4621951
361972791
533981962
446651412
10064649
65600987
456808612
17168782
601886
393601642
136332536
984403
441233522
1624964
492390952
412547922
142082325
10762531
13304257
17418410
11829899
76159511
93477516
64699122
17221596
383784311
71608366
141906191
84683089
3087827
8086133
586057
906436
94107312
959196
99184660
388570941
71700853
125544710
13776567
69471716
126022859
1114756
74967692
372299501
116914340
4113352
130414240
71452919
2426862
17615574
438631492
15593565
132199648
99625818
519295852
3147991
454294922
386622791
69404587
17610768
371619311
93853162
5592970
914258
76272587
457149462
825817
3899220
2271566
114811590
437930362
16499761
5170992
507148022
3088069
61830098
66316958
98026680
144388546
128099969
3148104
467133042
91711562
7365614
450926112
71102315
89158321
361134661
597820
133261850
112660698
112501302
100966636
404344742
3588703
1020862
114990962
565171592
3614129
2423921
3551883
129324476
3586842
68748923
132389048
4254800
71950259
80678800
75243672
74617609
74131477
365108
457305512
10101970
3461986
143794546
129374494
5754463
22784801
420845872
4309449
2795617
457299782
72920492
3539842
97156382
71129378
59777571
519577682
486527972
365936851
401458192
111937792
62743214
81328596
454265852
124875428
541625322
675093
98891740
62070481
362725301
71511141
116022994
91352068
131743158
2204396
128706975
103551844
483564502
6986961
454634792
536421052
454314282
3135287
68926934
11897620
92873564
442376412
1581835
3913749
15618041
397302172
4490347
378591651
73218117
127159917
87669875
906678
403379782
16927143
97096564
5277431
547893
3276167
7561780
450933592
445900242
415561562
451646632
139506149
30350711
1574624
82341200
142747754
17681727
412547952
535034
360301971
680117
11386188
87105839
450930862
16046879
406085162
375990201
110068158
2607669
95257892
142012065
91739182
525339422
449653672
94539436
376881811
14340430
402932982
77555049
96049540
425662702
3138696
78016466
797409
61302653
2660624
16431864
15586220
126907191
769978
11540973
69833581
94116476
109864136
134709680
145462760
399066782
5505765
131393934
88291881
3129366
352863581
143061028
66611276
4835932
3669620
369215721
82415056
416700362
17416803
125861455
413786272
109300764
471581522
2577952
92139526
4621961
1126389
519717502
120738730
602340
15177152
13704988
361484251
1131132
393894232
59509591
410021342
3089507
556779102
22369171
14340437
616987572
89538849
70512227
44586851
9943250
513879202
65191194
450930802
141816617
14340438
2320549
535449892
3126330
125953501
3367880
391663652
365578381
418384692
74732784
77770638
69466071
1915902
76543369
7045955
416583342
20557701
4588209
348916411
542021
14616781
448028792
76199832
410960112
126924757
83859082
511044762
408823122
353121641
2949941
1583370
354067221
427101442
141897559
357037431
382579471
680648
62220868
441500282
452663722
600990622
12308704
124127376
421304312
57631781
109704460
121258080
14875962
138139859
410193072
29735521
543131722
2320098
105362076
69420274
431467582
435341092
130892900
92829000
82341198
357195761
852335
77724912
142285955
969243
4315799
103773588
134336132
66539370
11899030
449746232
14892262
1176069
95940176
484812562
10260153
356518701
422202512
469268302
3743980
468326752
472694832
583076082
141680531
3156388
416342142
134298668
3928642
10686136
117797204
13805892
3132986
14202933
124689198
470556002
62084946
519739622
77468107
72718701
11518994
61089201
7779542
142752186
66751003
350026711
111833926
65220464
70016985
79589186
73999063
71902319
393665442
7374033
136907454
62720414
102906836
10927749
130413566
4311271
8141260
382053831
6588200
2250256
364172841
431467522
143533260
4244303
628265
416258932
72048002
499789222
6790863
807292
7435008
80276298
380637301
123612480
63041836
105793358
126608395
74929301
110812468
81364088
3667365
662490
451419292
30003771
136377026
28499261
70079783
12241571
132656656
378796181
11735802
144391372
2852933
1027109
137441682
134336164
7474202
69323110
4288200
9997016
431649352
3156077
463054892
128546547
3754370
131963734
417673202
491058552
349878861
393622032
2681011
110170472
118585062
118516574
121926930
3233674
910909
79984948
356560711
93592250
75314047
452945942
59668531
574383
78383552
91253230
493900612
14250006
17768061
116944956
13073002
328892081
357917801
14193954
68976286
61569721
434125712
1053446
1625005
472694682
14632486
141680515
60906320
90408885
82734688
1086633
910825
86835397
377718491
32936091
607841
86016251
558846162
419177972
102417226
3599710
144142412
94088730
112423350
502363922
93376434
141682247
141680527
378796211
97095584
134724232
3616662
7456689
71432814
117585774
370962421
435341232
4188503
60783381
383792601
388919861
85893401
2219982
109702258
53043871
74431795
448416622
552137
104233794
126608387
944878
584296182
355398571
116953148
2525868
3406001
2628573
77305241
529982631
559662872
7278500
93194636
76199994
98028122
550340532
348916551
390213201
3320893
438865452
17193491
386350681
130012244
98100186
105886982
16014485
68043937
65227254
3088584
426021482
3144776
86671183
65509487
145498344
465862762
13111672
425582612
417355462
2701934
439349692
3439364
714397
44761711
5093875
3358552
912184
369662671
94108090
346628311
2286190
76066031
541223962
877655
2429775
448802612
52880111
68582505
120670682
118031118
5304870
136753620
138546809
131613964
390448131
71738557
138124911
139787535
5223159
67320702
13513014
112667920
135263658
601135462
137729525
3119072
80265248
140875593
75298889
4288205
2713544
4433329
388904391
3875060
3157685
109703266
386166821
3133366
568844612
135374468
72167621
77834658
410028962
113342782
121922490
2150191
349074631
135724248
3905056
414655972
477966682
135203374
132643906
7674964
64931064
437870852
76277931
375461671
74736779
16457547
11732008
17615570
81363982
448428142
15318769
63431973
371626761
144386112
450980962
130418128
110081672
376207031
348852001
61872730
484848662
14955987
61860871
355100361
127212377
566473562
9902422
359455671
132194764
73738187
627542
143172436
4195721
111780382
140813709
46676701
451083152
136343168
22716331
419907962
75535359
120742380
410548402
550373
6558029
423589442
5278011
144444686
24276901
3051805
98936092
129104782
504843632
715704
71328980
982917
87113877
434076102
38934711
470735482
439349712
6628836
95965012
434924002
398773972
136331722
61087139
63300096
123341528
456726072
380147541
4602449
431265622
86954639
1560019
63462261
82341204
11843963
85372104
15539916
120529116
84382469
119279874
78318586
103299730
70697288
77698269
411708032
764294
3053606
482869212
4519745
346892981
114802826
121335724
441050772
356501101
449197532
6311680
5785385
65657281
14552289
535305
457221912
69002507
1105746
558504302
946031
126771957
69964809
393240272
91018361
526127702
830342
377976201
17193032
916213
118760368
14896961
143348590
975144
360206811
107538358
3129408
126846613
621057
90769663
415112982
145343464
428309022
130473172
7278501
112744102
74525092
96861548
1038490
17480423
129637730
452663682
16047072
547237602
497479342
487063022
29377601
63377029
7270086
793226
61089177
532574272
111599552
592241582
4119924
70498000
103301804
736150
116348164
3113979
134036200
95258854
548365
432877462
7634834
908115
128098287
16907198
16106325
3081268
366297301
134539418
61999247
680654
66937240
424390392
130005964
367709971
46280471
131748928
134336140
73502401
7270079
83919283
4125087
130414234
134525118
452184642
2420400
2794365
72294257
408823712
472694842
8147023
139431537
12711428
93029250
62220870
112857686
366451791
778758
580558232
1301081
142701952
142743486
384722261
74227639
65227251
583177702
134521544
449579992
2177874
383096491
49195711
92601012
143533262
498330892
81617646
96861540
65732151
7091374
69638125
144145796
136332674
99429020
405528882
412503512
412547912
359170411
349922361
71724737
129983250
9902395
106709702
555652702
110844366
71452862
876438
9975826
500307372
133348200
136883276
534573882
14681038
6960678
70259390
401062312
632284
70172863
70785264
141680539
416583362
451345822
23086381
78389089
107812088
6214596
346866841
11616260
561856872
1574324
6288930
5490700
131751018
6962232
541013702
9938661
437930352
579934802
74824354
79125311
73360467
546285
124427020
494866062
92233614
785435
3826694
420852412
381510631
13128737
16433495
401208642
137099522
124608178
438865442
124608238
112264768
422202582
6322630
16035713
96258022
6435674
85275022
117816722
504157552
6599837
576178782
417355452
493843542
104782182
3147243
7374481
2716097
70058326
352990151
515854822
2464506
4520994
476699252
6917807
7087523
416766272
469308662
410107192
14499493
105710114
105069380
443785232
5592953
136797870
921875
3434116
18196594
450880432
548645
4307639
412814742
109845992
603974
472694752
870090
3361390
4670277
62742679
83151446
120902510
350055591
2285125
129427696
433116032
94590444
91878210
14340721
109576268
97036372
134519814
75680196
402137062
6720550
7857354
67345639
126969663
84791751
85897671
988873
3829145
517550312
377416051
138856767
416258922
10100698
405314952
71427982
3155393
36078321
75623685
69001877
594165552
371500441
401989212
444590062
14202924
118183730
1601661
137036976
86788941
534404792
435800622
140857423
402453622
425102762
77504855
116817266
456610102
363800761
12914358
136465220
69107808
578562902
65236040
351595701
37027961
1100884
449840682
70389820
3923925
583363252
123342386
415238522
22716351
9592953
145370202
89077407
385147621
431102612
97665626
410990002
475655582
575216522
2487534
144021608
73916148
130416864
475914712
3093990
397748752
16212158
3863209
568793732
18191722
69331073
131391768
70452535
90340307
3135127
127244141
138100747
11844871
376985881
14499480
1023416
70638881
627797
447098122
134517476
5487472
105992214
134954102
118262552
570995
396536482
351595721
423139232
4254808
120731726
71133547
121036434
122515762
77408919
1579003
130845148
450104852
1680882
15593181
62697393
69000252
66726091
137202026
58779031
437203682
13130990
447636552
14496778
397257382
84262985
3020068
114891456
568138012
64627716
73042647
1576194
63432532
456913902
59127871
131337180
3145851
2166498
15702008
76908491
347717531
345997081
130935398
109512220
77378507
982668
909576
92213556
432025642
676854
2296855
349803981
130413130
145413040
77645763
4306810
78496825
595096702
3168759
89166189
450906342
14299463
143085010
6166675
422156622
3136505
411598162
120738046
67615714
940328
413413902
140362863
100590116
427902192
439757742
14681020
15597138
140179735
71725043
61860878
70747347
546810992
140813715
570111252
69927099
17479889
439216042
97963058
631701382
8317022
369246101
143997218
120352046
118155864
88209921
82579212
134044288
72313416
69816178
3731616
142582988
3788287
372731061
135053694
114138690
1436193
88936759
24778071
765424
554359382
422202572
424597002
14406902
20669811
2124370
104797184
121427914
121595548
906584
504057212
3205850
14597837
7084416
394656232
