674162
513166232
137148948
482990352
125544704
2514677
103051054
3614665
600886
124433692
925108
397729562
13975778
102558108
124262674
434483922
620156032
76520669
491446942
91543348
71247303
2420477
5316989
375157651
20427841
562764402
75057000
664444
6461427
2160741
78545628
4946882
390514771
78956229
11747945
99976954
78239738
361648681
67858680
3097538
142433087
138546007
14145916
520827452
1015879
435175522
86453923
56299541
126215751
134524258
120739020
514438482
424592982
64680912
71253927
7553676
121239416
74173036
63094580
128743099
953097
131218566
74126483
133579420
3130319
13149611
74173008
3119029
13724926
28852761
3089235
128947092
142750884
60977514
98701780
13792624
112311784
607697962
2234314
450365102
116348614
129634904
390213151
13651715
71630478
403074632
451648352
135870546
124062456
71078033
133165912
7340163
72372685
5363024
83111374
78713335
103117164
439484722
17191428
62220854
377718131
79895460
632493
118587270
72823069
74457141
134945410
66404563
664456
134012980
877407
71137159
71830181
937332
3976599
784325
435175532
3658608
358658191
407250752
69122686
110230842
2497140
14629001
79349485
13138714
925399
104867440
6048740
2889780
582260512
886320
72398862
3130304
71828729
84669149
3146149
82257536
137727021
71591342
575053012
7193834
3129413
71092102
391727202
994529
420269112
435175482
44300851
78532355
2466262
16131067
106980436
71967078
441178802
119060246
121943778
138545997
3103845
13379040
61108934
982678
67578121
676573
116348212
372618471
2464635
910533
4619463
68414697
2438249
533193682
123598554
910074
95890670
367727711
391439172
83111394
440115402
365150181
3616531
17347963
7332939
3156968
66644179
2237709
5404548
940332
66632498
73135389
13141170
968866
69271725
121248370
107471416
63790890
595074062
112662288
540512132
130113905
67239341
983258
3152105
65759926
136806118
16501728
70697369
134525904
450100912
2455091
431576582
142749078
77897436
87789157
435175552
86096869
79875060
128605213
83841460
407475212
708037
106506516
95254394
2659940
3154364
1141514
1277771
2300170
103996098
4087068
4967941
13165897
3296749
627683
103982152
629466
60842360
1015329
70553168
397141982
423222562
93102382
546130
7347092
1141168
14489313
88299355
441818902
136802580
417702062
110146986
75716617
76542233
101615319
143169102
130484710
603953
482986822
142986206
491446952
66511080
549918
627355
2221501
501453742
142342693
72398863
61102747
3590185
1039986
567679762
54519711
468264312
1178331
4311596
1579265
117692656
132194662
70322141
129050268
3129748
669799
136335986
71483067
68511564
136887798
424567602
723876
78588920
960638
87667843
61644180
81366296
98248558
546013122
17561482
2651093
505197202
1155108
13146474
141825865
137289408
7216938
5438972
671366
86660057
3599785
7674865
505204262
347363291
132123626
134533240
79283107
784314
6310384
680660
73981765
71678228
101295588
404284422
76543391
75834066
67231431
662589
441470842
664515
17347967
7303326
485124912
11210435
3616616
5968808
925106
526565612
136340728
459572022
126846927
82488708
5664754
3959408
88173763
422201662
62624907
136806224
86039919
1172328
144388562
72371362
97174956
622457832
114811604
8164649
84791843
598671
698260
10006346
13623342
128549709
118404760
3152223
78562702
143173744
10322418
371593451
3140382
122435364
6254562
2423924
76671616
13131062
361402961
72171163
2043943
3147045
959372
357740921
417673232
62376290
70142183
1104656
72160311
71645436
143858022
346434731
538381872
485709702
6820130
906609
81771792
106135678
456011702
371903741
78328510
858008
78282093
70584821
7332947
446678102
127245183
434591622
61110497
100742776
595725
2263033
78304477
144572232
599423
489063922
98545828
74173002
21761771
135369728
66756023
66201352
661228
7718385
385849781
354841821
968912
2159811
71092101
13160751
438893622
4311268
141822951
355551341
7146297
2514691
552660162
84709643
443022342
4733114
408868912
81364086
1574666
13141229
3155471
498218402
88806553
142986214
446443212
15640860
89844261
630701
66201356
3137509
4311595
70322132
1167710
142760716
452891832
65657484
387038651
434591592
92739390
2686140
67563958
404183122
120308032
3117971
10287260
2809780
97327614
435175512
2312047
90632835
126850781
13140706
2577957
606122062
2511224
480569842
434610652
3087538
74172981
67929154
910079
916436
585659852
105499628
472189262
13131908
16235816
122440564
69879249
79665676
133733348
82257538
84310891
3146137
93820358
126866297
5250944
15613379
104847438
414870102
120737372
143087120
12206933
72132348
470287772
65788123
1175615
132635408
79875054
447641762
142835538
461704132
2320086
137281944
93029240
3099009
73617328
142748736
90393105
73707710
139874527
378343181
425012712
2221574
17422308
75502844
380536131
2483915
61424047
1161679
111780390
61427205
423222622
111777910
4195714
561863332
122439642
356779431
99358978
5169978
4315684
12159134
351553511
13547842
65101692
105878272
398292762
104609622
104952384
1175626
515558682
561856952
344981371
474275092
80561460
80274516
632473
507755562
13020453
2654326
136336118
401358872
99405204
108570738
3134036
3657964
68437773
3437883
105389132
424150682
98253574
498643192
417767182
411474522
3886236
130861814
79587594
63480992
125539730
7674864
7267623
348386281
962206
75801787
619310
6904555
2288465
435031622
3103783
7332940
116496890
2121813
2794600
3589474
62220861
75819429
10287071
64413032
4603399
132560802
120811676
79590714
89739391
605833062
138546003
3257867
92141136
3028628
67503797
15586213
511431462
75814713
8141687
3133740
366441491
410349072
71836457
71646216
87371673
92302674
922138
550180792
126368207
565423972
77897440
44230981
8011853
68963782
394716712
788457
441821132
140344355
75570431
69071715
113418498
78213530
13978270
136101176
134524340
116348656
124996706
112662378
369547691
142835512
73517664
83059274
414902832
13789085
87767973
366467431
4311594
2847450
705509
1105425
76543368
71967076
5425042
7245915
70697366
434591552
39544651
3060679
369397961
1135874
84791745
140295627
10162588
607985
3611374
136340736
78527796
3092167
