375689861
92871290
78256685
2527119
2171504
921705
358658271
140869465
2238145
62165390
1124454
105499630
92818850
92302672
1169676
62376331
67563950
13141306
15050452
13130861
95663070
609244
910210
521006522
674958
979002
105413210
72363411
98920058
1142841
365331381
3829138
61110499
97973156
369742581
95973024
401863772
98684990
111779242
72004951
623509
534466
72795483
118996424
72189644
625672
122447460
8081451
535204
71204339
552383
62029179
94568700
38250081
120739000
426047942
581222272
553753532
1126602
459990712
84791837
142986212
416053412
12801783
425454122
600346
137726985
498525792
72160314
6461430
723836
64402469
887239
78640457
4670273
82410872
938553
67503792
74173044
75072823
428974662
2534219
143139520
538098232
90250621
141232715
83231546
10263652
77380170
703748
99925946
546875602
74461790
916496
129568028
54005201
7084605
134030308
385563181
70335406
121258078
90408875
7868647
7675129
139874035
100598486
131816172
416188882
67549267
78305691
15595805
2172900
908426
119437608
80449442
68046778
141160823
487043492
2185679
32118901
475164342
91543350
95964488
66480897
60765631
582252
14872147
962260
144293068
142844852
5404535
2325001
13982001
347279701
2548870
10263650
7239014
969356
56893381
127247963
3152093
484090122
536485
78527800
347380981
548673
62847150
133577580
102877932
422039882
70331833
81211246
3167612
553234
376989861
5542996
7868648
78498693
5093617
366449191
423222672
679217
72363285
371988521
6082070
94753848
536481
42535201
143172578
831351
88252935
382267071
3017009
91092625
57835371
390415301
346434681
423222592
61142295
380536201
3243684
568846222
395273652
4952885
12452085
362725351
13160058
397764942
408771142
66710351
2534222
7372871
112662184
106005410
15489385
61108933
907753
7978738
61108929
386539901
89128471
133103978
103050472
72398864
519797812
423049832
347557071
492501822
1138247
41293091
994974
348291221
90408887
408755442
1112991
4311272
13529563
423222552
103214992
391690332
7332942
130852382
1165952
86016227
78977848
6297745
104936008
417653842
134966720
132123602
57630641
414682862
130427848
885842
414838212
483320042
520827442
4588210
13783451
834370
2221577
83936989
83770248
4310808
99960006
68513610
71483074
6710643
2315171
124603276
1016279
72421684
95968844
7561784
2441438
93525938
106997288
69008599
71090280
453492732
463936612
832775
92872170
3102238
3151400
73370745
105070128
105069590
61644195
67929160
81836128
482986862
1123670
3140136
1121641
5617992
526633952
3071256
68046772
82410902
459988582
399023232
118587622
69927108
97342134
95662840
503122802
118073272
106636048
14464633
685709
95570644
111024172
83938209
74077847
505036462
910223
124603286
142986200
7512065
141337429
15587465
488242202
860155
62637518
350720621
938095
12340820
2530287
531717181
913891
511035712
76376876
531856461
61428253
9914834
109517630
3590186
13547746
76384676
76411968
98833998
134116990
676836
110151936
68582504
395339542
6113105
565420
67795284
831350
70411720
121488468
3087475
14464631
111052058
62874022
558982
396435202
62290954
521808322
464228502
92826786
107289040
725965
100064002
134952482
66314771
592368992
977934
3112419
881563
2307289
440823782
17615565
2525866
115868048
520014912
141364119
94496046
412537032
13138698
423222642
81836952
706840
38290571
124470160
137729345
9438906
907722
74172972
8930156
92722906
79419039
13783453
90822251
70429415
125606530
6590103
3169698
350171311
553056552
4668433
3098841
72047893
94295452
72420916
3158271
131811472
562143172
861317
15177998
107691298
145236188
488046542
390959001
1102966
127674211
376231171
107553540
427253662
120150030
72756752
83111378
362297921
70040377
135440792
61102353
2300165
351594971
481930432
80108824
84118679
7239009
2319631
133577470
16099818
7442363
134948092
12687711
61379569
103052662
102994210
96456974
377242021
917257
388726451
921154
474980972
450984452
127674133
136886978
438891322
415370102
434591632
15175385
473751692
2114403
71203766
2953166
371981391
765436
4945407
453612952
3437873
70646044
65445748
427580912
4077573
351594981
2176582
104641006
13792621
73972218
7145717
542470712
7812631
109639606
103117160
900835
75212170
142433071
937330
137441372
419827572
419827392
1582485
58071451
1142341
127063153
144451092
445790512
65732144
127673411
467431402
662113
77273767
44230991
3112414
85568196
65297543
538085372
3110394
124996686
79502286
3148343
526033182
63135949
13785146
13727648
84864447
507755552
10245000
3102199
463128872
129631882
6461684
91599884
13111704
145433238
661914
4274022
134094410
13111370
81763038
72160312
7375556
104337100
74904931
97174954
429975032
13483750
4668437
954806
1161005
116958864
3971812
90416003
1157471
13727641
12565421
364957431
2316810
581751632
376588441
4732798
144535600
5471349
362843031
13842047
70036200
346434651
114395822
75610675
914014
105270810
440224672
7957517
346789161
541400
78369449
132625720
600153
487086422
113366532
71710103
432810692
7442357
412568522
346434721
7857290
6592573
87957607
1178340
98544116
99756342
409355982
3088055
140390787
67873528
108711130
106095102
354918011
16474595
68350105
66190281
357999091
440092662
142413895
4227704
89125337
17135109
71830182
5743496
17616174
491767152
84310879
541848
366454011
4858208
2463406
490973512
3152010
97786912
3120612
65601869
75388169
89310463
2192091
124105990
127354201
72795470
14539830
564946592
94635148
6461438
15165360
71039605
662103
123607618
378259381
574285
62471660
76395834
821913
120674224
83847398
2525862
136408148
4603411
614330
347376721
144544762
409355952
70553170
528318351
447338272
95148380
1137236
543155302
4588194
885840
124603414
60946207
140295501
13529560
121179318
2509102
540514412
117581964
91181249
105069592
916414
1125903
141826535
107623638
66404487
90377699
6822185
125544656
144572244
428974522
414838132
95938334
412860022
60842359
71204267
104488200
549967572
145429556
145520178
7256259
82108252
2174153
970667
413807752
1105721
373989741
5169799
17604619
122379486
490688992
500449142
13470736
91340992
66554891
7512057
144545124
71323355
797521
63790891
378169601
9914535
3158272
73707725
499988812
371373571
14405200
64398066
68884718
3112700
786748
530231361
527830361
61308198
420780182
105278286
404685882
6461440
1104578
128965602
4218717
96461846
2577157
7442369
451825062
100479122
107406138
126572413
3613837
450922512
55012871
62166933
886443
68591429
2315711
3087241
77998118
785938
118760328
69686461
68529043
119967906
126847459
14250005
83756376
141827557
416461342
94195484
2140395
3138832
121588426
98901640
764920
137266194
74173049
144526090
104011162
135949710
367550531
513579862
2192087
92962970
90780423
379010021
620692342
7442355
116348608
15211178
105804300
378743051
133115386
6435665
91121051
107738822
12270398
11746278
416942782
3913627
3134018
533609342
92290390
2423416
95343114
447098092
362632151
438870902
63094581
11011566
1105823
125544828
4006895
99556710
541070002
141921707
857985
106062116
82025220
87518635
385097421
74173050
107811124
130914062
103035400
579932622
10161535
110908332
909969
549810842
3158145
4762041
138811483
1162527
428974552
4634579
773379
83941471
2437594
100598482
90563085
76008440
444261522
7512058
5420475
925983
97273400
558252682
80077244
375437351
576439
397729422
23407331
4303104
67232347
14935230
61064536
62376286
81309688
124996700
2760017
13529561
382139881
3119027
472992702
67929167
3102134
3361193
16944546
1123889
132201188
717358
556903552
385601791
81656684
82199332
410092592
354918041
405096832
99261358
387610251
350423741
89458301
112076698
83844536
76495953
60137451
434591582
556305252
1102756
71519857
3978446
107295836
98133122
4677572
13982006
376386131
734291
142328215
72421676
346468561
123801688
12000576
510287882
68686013
124996696
15531170
13623353
5817089
383301631
83361258
45594361
65445466
443320582
980286
137209148
44231211
1126603
7718552
78129603
500313352
105244530
14629565
112662270
77434144
439484762
27999681
2838140
95140962
78191564
95963378
95963370
471136652
139470657
101172696
12901222
7633689
18348281
533116332
87543293
88936743
124996692
366441511
61109754
121595532
900832
121107876
100197450
380537301
517043022
392407282
88375989
95057442
411474452
135231940
6435664
62572234
545099342
107606386
459351522
15986025
113366546
4194876
79587580
71152336
362871201
9997018
13839981
404539412
129313094
46237161
103480110
144544992
502733382
624995
129580504
97032078
346111251
114477734
84363321
916424
132041656
102746452
3099533
2889763
130009206
66025577
64848628
428974562
105081000
99261382
1016290
67929161
72160320
122504364
104088804
2261953
6075281
13142706
851046
17135115
382428831
136335984
53282131
536421132
527692211
9836963
561894112
100067510
122703270
137726957
886461
84118673
565208252
600631
123903244
9789955
3168752
398093262
16295505
623698182
42187651
136336114
124659382
91619828
65313430
365175131
355727101
132807412
428974572
54420921
550291942
119874158
125594878
354045741
92871274
61364755
16224804
481416332
94555846
749095
86400917
108258890
374051801
5094930
351485531
79665674
97206060
14154273
4315317
403535362
2855891
14500375
402095132
75947120
7180013
69627777
131772420
46226521
131742260
391346182
70054724
576851242
563375222
4709317
71512092
79426369
62847143
68414397
663571
2244112
1177951
345809851
89330183
3657959
102699736
7303329
429975052
6278729
132635290
104088796
15605110
71917571
76054605
4290138
132634800
145432004
123807484
78527795
3153876
491446932
546578
78282086
71067423
357511361
441178832
882691
723613
4117058
98286648
107955594
3128848
472992722
428974642
66274851
2321655
6488043
85576202
479801712
98060384
72787795
78367490
553122012
117303522
13797108
13100333
126587209
82410910
103668020
64607963
4118961
128949480
77369732
90248141
131740862
17840805
374051471
75610732
17614655
14685978
8146963
60437461
82257932
142477297
83111382
4274021
69962764
4640032
399084092
92141092
980198
432936002
2158295
414367102
676960
3156760
417044742
16401956
145429546
347385721
134781036
616158
69791407
6461682
425676062
11390027
422283402
142433073
4603407
77410187
628099
425600022
3590194
561836
13816480
823129
355740831
1865496
68308136
134033922
113418522
84495863
61108938
137818639
70646033
510244282
74401451
118986142
97933350
6580746
613138092
13727645
92872160
388889681
72047746
3137332
18093342
72371363
84840917
3098838
69419038
917717
1174769
125971251
72370373
2795616
40889811
13129211
69941965
5183420
504533192
882290
79083410
124092592
660828
113876568
4307640
12804089
13470741
4116950
2525861
76489524
2530164
553229
13832970
404667812
116348626
44210501
555640
61424042
413468802
82257956
384010871
61379429
76500485
473784012
536979
78475884
15177424
7800371
116866548
112314068
62082829
7617199
10202479
13132395
910693
92720046
408868862
104488188
53825251
92425554
71828724
3819055
131343028
3960801
72421671
365114321
10199904
886458
76575944
725715
14884054
421491932
70775760
78213551
1147560
403730582
979041
1109730
686786
142337477
908950
106746752
3104486
375660351
496322122
489727112
521633612
603946
3130368
6318887
14525086
363592311
462849482
2309900
109169054
66023714
13470738
365851551
2949679
106301610
106823334
128100397
963085
437212402
75711295
31038601
87115981
78366255
130081908
120307222
119936628
426703682
821640
505629502
109562018
394000142
534726
127673043
677232
916339
366297281
3088609
583177742
90248127
351595631
141433451
75502846
68016602
1109743
142749606
74393203
353468481
104074454
81211196
67231606
13651729
393832822
142175869
344681991
139873275
92871300
128877086
490680972
349385251
107878888
116866564
109701588
68977834
75804495
9808783
135373112
106462210
1115801
67238735
119048232
15489383
357727311
380390881
531907551
452224802
116866552
13133232
120024178
6229285
15189606
467652492
14539386
79587582
353582831
353615271
2437331
398055742
11217163
124713688
436954192
142405449
114811560
86876435
422208712
551910242
6461434
343985581
145017214
7667059
87395581
137728875
118190296
71039599
143270520
4315311
405573712
543575302
385049431
145524532
680554
72299954
680601
477452252
75814726
17135110
14248935
2375108
3582120
385863761
134212670
84310875
2547246
130778850
85909191
393896592
71137166
5404570
35407931
17608376
13146819
518458092
7667062
83083294
474590642
68853653
428974682
72420915
83837260
360301951
142335443
128548331
94363796
17972743
2321662
128458659
72059773
13138782
4969003
1141674
142337683
66283081
14383880
371182241
9849814
84268165
142337023
44337921
136340746
562230952
75557230
85734130
73682285
62843581
61109750
142986222
60784398
462946902
13651717
62843568
3117931
145014606
10307853
121126246
602456552
73696391
3122252
64039357
95854708
14172387
94727036
56893391
470815612
416566272
546255352
141839605
4220306
106904462
63015917
943376
17615563
105354074
7414416
4007095
428974652
37604781
13128705
13785144
14268027
2674458
2547730
404508522
14211526
560951852
916427
112662370
97786914
534462
428974532
68927362
626503
1125901
61002681
131744724
676847
18232117
724039
417335732
500084792
408868932
142337027
368529081
2114399
1108061
778429
103671810
72160313
62166912
4619462
7675615
8159483
423222602
680516
548342
624575
482986792
2659988
13529565
81918118
98792382
