2558966
17442622
1178170
426445912
1017524
82120568
7035326
59943131
13149217
36700601
2522069
75470188
125909441
7927245
2158295
88471005
98220838
70016989
10245651
354045761
110310748
103734486
1168925
2134001
17494497
3456077
597047502
95619752
133204806
3362427
7555647
360935021
67814852
68748974
13130994
137730093
17588289
13176492
79093635
61103071
78195293
78738949
3122978
12191213
14464638
75089347
5785654
4848231
3957950
18083995
14647864
429886362
3599714
2125095
116823172
7856551
380226091
107034410
131341754
412568532
99716922
106216412
362777101
1946908
76737286
77842662
89161437
98087620
134955054
1090084
70036206
96438318
121720218
4622583
95344052
76649472
127272011
11122818
79932752
424258572
66694046
15591589
15139772
18089449
3077081
139877297
15218379
4709950
995298
75298889
1048898
84787959
117452758
560695482
548676
4620699
95683306
3102195
408868962
80870090
428526362
73192286
82025186
14500181
15438094
66710304
354291211
79185203
3777994
5169798
95138126
65706371
15049485
25682121
28856181
2114384
99555038
3156760
3440933
97198278
136333948
575248152
6062225
79574028
126578753
100908100
87675701
51444561
65492556
7639942
1584495
13816436
4274592
68473222
7117058
139494909
383171221
633297
106055988
140907069
15482697
71137171
2247743
36868271
358607491
98571806
92065228
531856461
94175016
128547457
513360682
89845467
96507502
78680544
425662632
617706332
76738734
378639351
2230592
117016690
88552807
9434337
61692426
17688612
90975119
20232141
70322134
11671201
4800067
83837262
17683176
83101782
135301090
7562926
447928692
905647
374389591
581353142
563932
106851860
123494358
79042310
393798612
10389257
7283124
94799672
107061522
126963321
66822318
8173740
2176476
72051525
2264700
700383
72432853
65009270
125536814
130855764
16088800
74249002
17609234
715560
3366545
96461658
2149307
676590
2430782
424462552
144655406
82751202
14064637
85912355
471571682
373046091
113536192
542373622
70744510
13485775
4966791
61722958
68437783
4099235
2677050
397958862
88253053
43248071
16488023
448281402
5621392
96822874
133809270
139872437
366392231
70177139
967328
7777964
15556207
4636893
14299588
983488
96045480
12269970
9818343
15211178
2401796
2509817
17604777
17608830
33255571
17473606
401358552
7472036
83050038
129121520
72760008
535752
64820753
940596
2167518
136336124
106036530
5362908
7677766
67406844
946348
43271661
68469890
101295562
371593451
3118696
402095132
124520822
7779519
17542811
114627448
361648681
135874914
387168781
105804282
630701
38084061
94142754
132638470
911492
114282144
15640862
4315688
80792310
372198311
135202624
349337541
129149456
78512074
61528909
78808534
519088842
70205643
43340211
3254821
446468632
82293796
67954033
831349
25574811
1174772
7800364
707194
439066992
123440170
445802492
15413275
389076271
570215
68985237
434216662
6823876
16705196
6631719
128993608
88806553
463377032
132630572
560951892
137135438
7275455
62365179
89860927
15430615
93381582
102201610
140930877
141827413
15589893
847274
18806641
70355704
11270302
82315662
678040
609298582
77022784
69105564
425658452
71762927
502733412
5323180
18418581
531758341
448039632
412599262
143348590
122490104
3667561
3393884
562455
77956229
394148012
69334992
490993992
416422882
144973660
76405431
133659022
125968031
137629939
129633862
144471920
502776512
66687824
74058109
112666838
367301731
27016531
410349072
7564123
3755615
13544758
90757111
626419
64521462
83996985
65938274
14486204
7270087
2122565
62119028
70307881
62664208
436551492
374304961
69505566
17606675
80105614
33382361
4129090
13131860
545249172
2439301
570313772
124848026
17461726
62572234
129383186
71979297
3119231
3658048
82487070
427379142
2124626
387222591
121930088
130425888
587129972
12267297
137896423
393441382
409589962
409311622
73302310
579113
140398625
18063175
13719939
14066100
68963743
925117
89707561
354045741
82917988
461288172
69944121
533980
13139937
137232276
379065791
551105
398897042
126328463
10047068
69743435
80637132
81210314
122784396
62664205
13129204
63391341
906719
440907082
1151142
624364
78800495
111726226
7812638
16295507
127539475
556755552
11288956
2839220
103128914
100067510
72371363
46417901
65049660
89154383
581372
118184850
78304783
84574199
3155481
71606976
74211017
100066746
76376857
17444655
14489184
65414805
88328639
120297178
5816387
2203493
94106302
423222542
1065728
99601352
104537750
103723062
485967482
136802398
8990288
94365256
555639
564953
65768234
97938054
65247117
6487924
61601516
122927596
92546286
56190121
541394
10494829
119243598
69819440
5404475
69743462
555960312
43730041
467988082
103797906
453492732
62072097
136336992
75878397
412094932
353094641
18082688
107541562
62894215
572227
2211405
100357140
16993630
97685938
105098444
403944262
126219051
132635774
64074720
130602214
6658338
68097789
2178642
413974332
405758902
385255791
491418992
115707018
3167839
82644480
978924
128100697
111403718
7035328
527267591
132201192
72081409
3122780
3177990
1172395
143709706
135438078
15928225
144388016
17609581
3920084
98237536
424800642
13111372
397946902
404098412
6664784
6918266
58786551
68405882
66839180
135376214
5081383
39799711
397141412
74406813
6325325
15139792
670804
513579862
82209474
60758941
63264135
369186761
583612
511573492
559799792
448127602
527975651
15772749
631681
81310920
68943070
717208
6443767
3098794
140531511
6907354
70322138
68852452
63042037
1107589
75885421
6817506
487029692
78669561
135026568
65723648
95682764
5979366
2847111
3766635
4634907
499864932
97091346
1179539
128527589
418384582
3235759
111780468
87369811
3098807
88911095
13832996
115705672
139368801
109618434
393629462
101805837
580882
6106576
754271
410432042
17453823
128114265
525760122
76019703
68736604
6745603
64972425
1104656
3122969
90465927
437979102
56894511
7321711
493090542
4472026
105604596
468552092
90661173
13460762
104304462
92719962
13132208
5674813
99692482
5120808
393157072
517179092
132401602
1369729
56901911
357737791
98041088
7844200
3137302
17479661
113248310
574741
109056900
346727981
370600471
115842218
2954718
671591
372123971
127248545
66342604
909005
456076072
377153431
127673043
3008616
89585261
69174736
75152538
140634491
117791226
13502861
72281666
264598
365466671
129311368
939477
536421142
80924908
95965418
134041304
61723664
63576903
541400
68166827
140634513
3095118
5288626
1119019
137259116
629770
446704682
134736894
2967722
78402028
532946852
77837948
409963622
70114344
62624921
89868673
43816571
61676408
62566558
3899450
1572686
96259864
411474452
4518531
12527490
3960802
6345442
1182050
465649852
118669282
18093344
523573272
78628653
136332808
80249086
4253553
1141677
859120
429975022
63094582
4124166
103139834
4304184
83844574
70484631
115800438
3112842
481367162
623717
13975669
10199945
4134342
369639601
65192581
366916761
3152668
13131689
78383488
107801968
132195150
116866560
76984092
10209314
386530311
1183793
121657886
64329831
72046513
108645844
3148296
103598036
391824292
131225836
426048012
134093618
2603758
71917571
99348362
61142287
77097294
2202958
405806252
510377572
452716162
105299066
139061409
103306138
103097358
408887252
389364051
133401340
58390561
568883752
73188247
403152472
111837424
5104476
133103660
459546112
2426647
14236071
78800848
16668229
10984125
1113820
714397
86420477
102517246
143173344
2149120
105765216
2283856
577804442
77380958
3977424
69071679
68530332
15986025
71542371
110150142
138128483
121593956
2794594
379065781
15640853
6715844
75980563
74683892
128099217
111777904
5420472
74823822
10495769
689474
5495780
15178233
428974522
7460106
61419155
13244574
129514812
58815851
611649
70078208
627322
93089410
109590424
1119013
763349
5400245
12754192
14499429
128547767
143154482
383028381
354917971
14565426
1170586
5404570
483885662
2450605
3016393
7245914
124127354
3134018
428357872
10023513
420364332
14094659
73917566
3099874
557240262
13100200
75077874
362605421
434190242
101143700
127242913
5869368
29060291
81656322
7332951
2958989
130853848
6407193
78313134
114401128
71099150
455611272
7332593
559980532
5161680
434503512
365234
89077033
72160308
5981729
14464636
77526895
4764444
83361158
15437786
13394786
409972742
1144550
66027695
4729240
407139972
78011141
387921871
72295295
13128712
927548
77846463
346723701
72101185
2374799
112311120
140353399
3599709
90563083
10963353
376483331
12000466
786748
136338500
61308205
62728992
97788020
60768658
84903653
63263946
75338070
77913391
16193204
672770
86036117
456149852
2318548
14948692
60452441
128153243
2591166
132560816
80947392
103687800
122438728
98911452
105332258
724496
3088617
111603012
936881
18061610
69686452
343985571
635189
1143318
396552882
68592603
118282534
136340726
71414924
4116953
70249655
142254437
81670608
128733561
4234813
1277784
92139526
7624159
61250983
7155238
4210322
99142676
78383534
500368562
981205
18211596
131984800
137266194
82025236
76057652
4639836
7916517
547533152
3135143
92598484
144030610
70128385
80206870
77380167
104040414
83794966
570313752
73443662
104953416
71139470
456149692
884030
406401352
17608160
510731632
6580212
104984932
2203629
2591105
15781395
4168640
142378795
637505
9812700
500668672
80805778
98327826
107755168
130893728
2737009
6297562
66022538
67522817
14615812
434673312
356660301
94107904
97786992
61723133
145160512
3129680
61324850
115705746
2298595
958803
72101059
126393053
111022444
662472
61829948
61005542
70031240
943367
84624685
92141100
99249858
82060210
120730770
92818796
61723278
78936222
542339972
118068456
7625145
4468377
103119224
14748633
103581168
131218578
27092741
366393971
85236320
552861
116348598
9933783
76391036
88937073
76807502
15610734
70428569
1179361
98388778
90563085
68734596
59509421
125544644
95962030
706895
134526484
137724275
9793197
68960307
67481099
542294
144386238
67513265
67592090
62504046
454824662
110256484
555019922
139411183
412508522
1141172
70249640
352263841
707798
7272269
109713400
92065240
437469042
67295105
423791892
101279106
131070964
89882733
13144279
143606890
15547306
139138751
366430781
89078657
353118811
99585962
103139566
924094
74329984
124470160
71152692
101795729
35804501
28852781
3151535
71788179
18190481
78974349
386463421
13270385
2277974
7395265
14737871
109228732
75461497
88299355
2925032
20138821
411314192
430415282
2994508
2309904
68149602
4253436
75299641
8141260
73219998
75247353
141934329
419916482
108570682
356902681
578481532
6461693
538066382
85495054
79665008
90428591
10322423
355170431
442707752
78567374
774686
63052678
61915597
425604752
61721437
66786209
386286171
134031778
61723633
3658126
263328
13249519
396427362
97088956
3560758
32541511
3588445
949289
72037483
544424452
132201186
72666104
114313204
828980
75801787
119883472
90807743
624945
128023213
72273758
347084271
17610389
1139094
72030968
3123341
575943112
65938182
73518012
5400634
6066662
98244118
105448750
2794369
15593180
468239132
70640491
110160242
140340463
140912803
66601697
17472726
140866945
134711916
63179738
67753862
105655838
1654105
11747926
1277779
520827392
14154341
76539932
129636210
1097839
70085711
2684356
144792210
97971914
5592970
13471091
17434791
628278
431352102
3869492
17582895
3112560
363750231
68765122
422429082
238287
425661812
99689648
86085985
140721781
2947119
9812724
9997198
101172738
354918021
98845938
435175452
7429842
428974552
86879839
7270088
60842362
17614161
61723209
3100425
3130941
16705448
12785894
121239420
87936389
62917742
7310477
142378779
106746748
13499104
73043585
350447321
93717186
68070168
105710126
488566442
344783601
632619
111779244
7433830
456149742
563085362
500084792
415238432
13719937
491032622
2630771
17610654
473050332
126911387
2994489
54305101
13547746
83940953
84282337
3107362
63094574
74297792
93024106
368161101
3751538
100107332
123783374
16189537
35782851
936997
92734608
457245292
140860383
95244004
383683641
447338272
2420483
18046812
74956854
137524670
14598351
3472539
454507402
4603401
14196882
67880386
1151615
136332580
7157487
17691768
89585265
357727251
118523086
2471252
100831544
88877655
68075527
17691801
4611865
6180078
78232976
4306044
6169878
12566356
69159335
3932603
77901654
126024231
81039612
462946842
142433079
921039
457332912
7292417
357693581
75388161
3169146
16295505
76376861
144451198
70637129
94195478
105578158
12352202
95965264
2293958
538099242
78177212
585354262
456149772
61738215
129356058
69810172
17614760
106510370
107313494
373061171
93001246
9975699
98999728
430490602
426106972
346701041
527513741
61343226
2261881
7624158
7009379
17446166
82690970
70147471
978534
378077611
88376423
12226371
123254848
428735742
4253403
108436792
662404
134523652
101372376
106414576
63041987
73160613
79022555
493812602
4619463
2547246
1109740
139632377
7293919
5404536
375882351
371639791
118895976
101459618
25576641
61147778
46641161
17608155
14932045
141889525
455426022
91121051
356886101
870748
68376490
135417092
7812776
62461499
111027336
63534466
109500406
1101664
13179993
135892916
1151141
387430311
102611156
4209682
390914961
2156638
78282084
600433
524818782
2523093
10097487
104609616
99625806
78487110
437147162
14615774
12799706
16642828
78178069
83729190
120684682
2251477
7711483
144946902
453543012
135376476
140345501
1072246
424030182
513734
13839057
2575690
88003853
78399577
1069257
372591971
424595182
61644178
3698697
2465440
3838279
14629565
71180726
52716131
77784274
520827272
3437873
77439451
132716530
441200532
351506601
89727907
442041452
16204632
416422092
114477736
142378787
61046485
75749483
81418000
124317318
532874
127676515
2135244
266779
417342612
10279933
72060069
925983
75280943
4711053
16407919
101009302
3535187
94877948
514435422
15445471
401791162
106930330
61002789
6513456
38794701
1119126
104488182
70611339
77897296
78208940
11842186
4315314
132399672
84268131
436194602
65477882
2254376
87789255
