95961506
145014606
119635276
124603286
79587580
927718
13040252
67238735
354541481
83740172
61142297
2550736
123883254
6278230
558928
3905684
101942865
557547482
110152078
10287270
1125083
92772826
17135110
134533250
367846811
376136451
141824901
3872920
72059773
130851492
676954
784836
65544797
3613215
925829
81263840
511875602
11282960
76575944
355740191
381202961
132689476
124606176
86922279
563958372
14494921
95138146
15527575
62285973
92720102
533981962
141822951
136887766
363592311
3135553
2263033
37734441
119302924
428526282
111505790
3874610
490393942
52735971
411911912
705531
119883476
523114292
496849802
92720046
65446374
514968602
4123045
601135462
62847147
548348632
117309876
632283
3616651
386140551
3113250
2541568
3113984
532407
120739016
67344566
17605039
916496
135372978
1101118
724039
357749271
135434024
6524407
16670786
1579264
3152105
65446363
68473369
128546345
473983872
468326752
101222506
123341274
483399272
3977905
79088194
81363212
19271671
130414260
142986198
13129197
61064534
131611536
391690332
13336072
4621951
581979
524157352
493077112
15049127
508370402
3539171
92232140
3157593
564889782
532435
141921707
66674558
61005366
7868648
983238
125538518
135373112
55848051
131341024
450365092
108075540
74733232
144422780
142270169
462844222
139936199
414895192
129265580
385446861
135541760
82182366
346921451
1171879
128021531
94652218
391669592
580851082
58779031
375437371
71515966
811880
142986222
111778724
97094250
90533119
3588702
3158004
501662002
87792767
469251252
508712692
416461342
411130492
680660
107346368
5645452
432207732
64848611
7868662
540512132
706332
908429
138540025
122882220
136387868
1023566
465602902
118424912
4946882
71967080
425604732
124659382
4197797
2525861
4677990
434969122
81090056
79572346
140640141
1162029
114138690
903337
134523702
953099
3851956
74341793
110663020
103214988
142125775
1112991
498525792
417565092
552449
508364862
81404714
1102417
84855675
6269378
910220
1107826
398364892
401393742
725929
105710940
144604810
553056592
2917267
69238315
568713
112350072
496545982
130105294
143171642
457086912
4301427
61424042
10187017
468510702
420850862
93029240
370314401
384138281
393705402
110068158
387218391
132265704
4087608
556903552
1161679
114627442
3133738
357740921
463768012
9807185
91181249
396134802
16150099
2251072
10686129
76539677
12343171
13247382
13111704
72314239
4311272
6611231
74976537
124852994
6686056
1109729
131981832
831294
396118722
440823782
60758790
121605116
126608395
69000543
3089502
122447460
128389715
403535362
917717
480860592
1023429
133115370
80648074
447098062
4286053
120152050
89155953
89825037
137828447
682789
71828725
123342982
417355452
13129211
92905432
91934728
129011934
65759979
110955778
3165194
90245121
368958961
786717
125972317
378515191
3129413
130956484
14495791
2523761
129427692
14720167
2794367
78213530
477334502
375313491
109701732
86400915
1078779
1123014
77542036
104660806
80460342
538781
144548126
78652582
953606
536481
97328510
404685882
386150751
65101374
3144761
139470657
67625876
536485
124603278
1132150
2250256
5078973
95611894
120136382
73724283
1086629
550232732
377976201
581573692
132270322
59668561
144983772
491899352
4104710
488242202
14477354
100115954
132629560
64848628
851050
7753178
95730854
16501727
10709466
408766392
464228502
857994
426730322
8011850
7667061
17853704
13471494
13801856
481930432
404667822
3138878
62083052
380945481
460374622
4299993
3538070
130414226
72160316
104200220
56725601
2511970
25746611
488547232
129568036
601626
450927072
78213566
573558052
124603270
56014431
482986842
125525522
13263710
69571233
16207640
136341512
86157447
398001722
118195184
442848742
7675130
101602960
125538288
104797184
95254398
519078662
3588705
107665566
376480961
14383880
65444691
2171508
134044288
1165307
95142216
15518781
54519831
104438758
86453925
95973024
568959972
66609426
9806802
66822689
128545197
4736314
482990352
36527271
469394232
13789089
17442929
102421182
122891220
134858388
92428938
3287768
104797210
429978042
3155488
137200802
383559011
896181
789221
75717865
110151936
142750222
366809911
15175385
62847142
124996686
67446406
106128242
5954492
87518733
78106686
67929154
7583585
549247922
88629077
12817764
137231526
144391372
414263422
117303522
136334560
15586242
12210089
122691460
69305455
420364342
120738996
100614636
61424053
461691092
355700991
103736564
79587594
7857240
77861174
95813354
121922214
101764813
525249402
65401110
13545277
136889400
135372064
144949268
137833937
124550860
371593461
117797228
1125953
373033631
3129746
101104824
74196336
354918011
134033922
916424
605486
13340977
3862759
15347259
494311772
350055601
485629922
75072795
430494752
100004590
10101970
344854041
451345822
136802580
65938186
470591522
456965032
78357809
7777963
351461141
75212167
132580642
132123602
128095671
4688231
78367490
435541372
396128802
616987572
446701352
95938334
143249352
83938863
125539808
144386232
118974408
64949240
119782044
427607542
106506516
73772340
71828723
401788962
124237488
415315702
87669873
13247459
109843102
80870200
96460712
117176358
71088800
448416622
54800991
137821977
1105736
3765804
543562892
60922884
2524470
347196251
398055682
8011853
420355352
72575955
5614669
95254400
103870122
488547322
664456
555643
2171461
469904072
68116147
371619311
373531191
4603400
141160823
71528857
6686072
1097655
14299590
447942232
126797275
92872156
71193452
104274582
14629005
3152715
106257266
957760
104999328
403700892
14954261
678044
82182346
16131067
3104498
77725101
67954791
141941901
54420921
3907803
12206946
412628592
103142472
135371090
93980132
123340886
87789163
916339
810179
373362011
1174607
3158150
613234
34818191
79875070
10240178
1086633
99198936
135373484
144828912
4008548
389278601
3144765
94609844
401358542
5544669
378319071
130414238
13355410
66651132
350428781
411680132
134996364
13912804
367709971
96446882
144392352
12270014
139470659
98669988
398055742
411607052
79845494
116896780
495211232
81260704
126364573
375437431
3513276
6558033
402131232
