4307639
13128250
358187311
945217
110152066
432212762
71653998
507843602
123758666
132937454
398897482
429992552
69331513
75624219
41100631
118271126
130484710
1102534
81307162
27239731
64603010
139563491
486183132
61263041
94330420
512346
566233612
119004072
2307289
542389492
6922485
13140481
561856692
109169064
2255374
74254869
78115408
3130089
99597246
115026794
3117656
504056042
137728525
17530534
921873
913942
111879402
78101750
141727839
3140369
435079872
547187822
372758161
555550692
117376888
887895
456840572
380205251
51245891
2503278
63353701
453649322
455225282
80276298
8110299
85918481
586087
57843931
466363742
65359528
5612146
16569220
95585876
69447083
78652585
3414900
5505765
128706949
17444406
14496778
354631761
422201722
61697703
412102432
71624767
1436183
39544461
451680532
61840065
457278122
37188841
85516316
140716429
476218112
80929822
14202934
63456719
62736708
423988282
5404428
354008101
434503332
119812882
13503834
129134720
82264710
60841391
61057254
7216932
568793732
71323448
139871053
134948420
12325102
66439487
2309989
117859558
4432212
128100131
4084770
74641072
66465543
3137682
70322136
387675991
131742092
124600538
2630714
371627741
370862991
13639310
102351354
390213181
508736382
905692
451646602
357741751
124220438
7435004
109703266
6519857
5404587
17633126
100634490
558804602
3205850
145504346
85538548
126851119
362725301
602899942
126845823
15111140
2166677
410888622
125350444
67164737
49624271
381452801
13129754
74431795
849168
349922251
106088742
581939
16631531
392579212
76292212
76985025
933408
120295644
139419031
552240
132194668
85404248
413619482
3886179
13639423
76576784
374244501
368173971
53043781
392153782
3435031
100364120
13550221
119940706
1680882
372919151
3874974
33216071
78671176
349458501
78783948
69938495
115748392
68107842
2320381
366297831
97032076
63459799
414198442
100591832
831109
132629132
2114565
438893622
119830038
1112314
5652653
378948751
6949888
2162251
68926313
564946572
6100060
62241622
3182576
65600987
378801941
13749518
379774271
420861962
2239832
142747120
107471442
83938203
579089
134530606
78872581
82237450
16127279
144444690
947190
472694682
66465545
