469261002
472898522
105025158
113418500
70506864
546233532
65759926
15139378
132265704
144389058
106325994
136889434
4286051
70266757
105707374
100421358
79875050
64971011
464419652
126376117
425012712
869547
350171331
123903244
2423901
126884459
133661814
616700
13975779
70403440
129011934
472992602
351595721
52735971
81260704
136338624
111482314
613138092
3402413
99976954
118986142
90213409
65445746
916427
1579265
1112991
376231171
17135108
74494858
71294452
524157352
355246571
554973692
134711946
2660146
7674864
80274650
124600916
555913082
10235995
16047072
125244224
547833052
116348464
354918041
539562302
3256016
472992652
105286430
2103588
2319638
14629005
363834871
71512092
70266758
534741652
60200381
91934728
137726975
534628
137726987
76520669
92290390
427608382
464222602
599423
124603268
2447443
3028064
1043879
124262680
581751632
16149860
17608742
5351361
100067510
5092738
144258986
129632340
2320088
77369729
72160314
410960102
534730
451254022
1015879
103153616
467988082
7561784
527930531
554446
2247835
5094040
84490459
73724284
106506522
4311272
417195062
127247963
2184624
1043894
398055742
79965994
373063001
436551402
548348632
145501442
487381362
103549360
470287772
92198180
104226826
3090875
597166
128948012
79419029
79590714
66609426
74494863
116866554
1109730
425662542
3129408
143887244
415370102
912738
7706014
16607977
99976960
498130072
962260
3657960
1195496
143171642
2420463
393477332
106506516
498130042
383301631
72823271
6461440
402131232
15781392
51867991
144572216
3117895
37027921
100251364
76520904
457086912
450179142
925111
558528302
3119029
355460061
130414902
106754614
366297281
421630942
365344
137726969
61466570
79319969
69533953
128706965
583177702
797434
15546831
15781397
101660347
3616306
355724441
7562926
135372064
483320042
88419425
413468802
558252682
135674870
13140214
542389552
460570702
550102
124237488
