68921951
82265248
3168752
67239346
117280652
9812706
62895463
62724016
71636432
3100896
1095830
786812
76430188
105356142
135980080
135065484
79419039
127573781
393832822
9809714
6071028
4845594
113424656
76263948
93058850
99105104
452731732
10279834
17199784
3613560
63441317
410105882
109700124
801847
96316288
68854195
419482282
362777141
72567468
370343521
131998704
568108
14565263
16650332
100816100
101045270
13655153
67692415
8110299
539314222
143171766
75502847
60703394
14697946
16696240
35960221
7675332
113412966
92818796
118184426
7854284
389706151
5341213
6297757
70043110
581222412
12206948
130921816
1099273
13247121
135875052
131228028
97342714
97328542
144384924
144863074
17868552
69001464
126449997
122703248
142832896
2525873
101819685
121930272
143183428
3583337
921716
118195184
88901389
6188231
373232081
520031902
563085372
397746652
68861114
139874829
80870190
599991
13939962
468513342
133639118
99689648
5094200
6172828
885970
810887
135203382
70322133
4122547
61081199
81940968
555652892
93954200
127365547
548348612
78010863
429126612
143158370
7198180
123788274
62439051
129219996
344874501
140907571
62290966
132081122
13188546
3403716
12460642
7653825
136338506
421262322
13549396
96507496
108570738
68944612
2553807
2577965
120923634
963042
1121086
1125758
384002311
876578
90250557
2530867
81072046
393898842
57879981
7080799
110549638
62754677
15108127
3850928
73946283
13165748
84791527
115034744
66499470
1171077
7072781
78269286
75931700
69018826
15593569
598081672
1015329
528346221
88848003
125333404
15051385
4225613
400299382
508351842
14477354
424997312
72375741
720737
113989362
96423474
70331833
3588702
105355292
64527954
13529563
1165845
136887774
582463672
65445461
141344347
1118078
86453301
72344493
72393751
13304453
423791892
3099009
70089141
416139982
599964842
365936851
373952531
66793924
73556406
99554794
74206335
1565238
959908
14574292
81263834
16756193
90823183
77235387
4520162
3732049
79244257
68120647
70206830
88767069
62571184
2288464
105804664
93669524
3980369
4670271
16652807
411983792
131186474
93329748
13483750
101739425
4733215
99127346
13464245
129700250
13791930
17479809
1167442
68046665
75805331
572770982
345377621
524156872
3135334
100484726
98975372
427553572
62376286
4287265
