15512634
107406944
14874847
2440600
3501492
99601784
526114512
89381103
627656
137258696
5093918
14927135
142080253
2256552
14932632
88629099
389971631
70522876
67234546
1178343
119873054
373696031
2527509
417358452
144928012
3432590
1130916
112657994
66554891
429978202
121593424
70114342
78631539
68075503
1125766
365170621
4833729
455564302
5481804
452690772
72308118
121448104
80180414
13138700
121066380
132631314
6520862
363418191
144746056
104417964
724496
3824715
34041911
60747032
127755527
72569705
63460778
14886579
144551866
452743822
62856124
85125098
125777841
352178261
72793838
89868689
137666255
11065265
446734962
4255595
69390338
709851
129632532
66634501
67954061
79110655
14211504
497152162
89413451
4694985
145429540
77349248
881553
65404129
60974869
62987577
84914687
77913387
685692
962886
3092173
77769833
72379661
95148380
14881885
126379109
3102138
106322660
72273835
65938279
130604714
17937549
70258361
85404694
74946300
1643321
883641
70428569
587382
77806694
126587209
38375101
27542571
13141445
139100455
626144
101344418
11842186
1125954
92281744
390071071
122570632
106461564
74728998
9976743
96461828
3110394
1574364
4007318
10743006
490589082
74672952
7035326
24378161
141939589
74165068
5422288
1030191
3083368
1254117
78313134
866181
426627342
831328
421788662
97786992
3843299
123175152
412546172
18083987
483073592
139632381
65723693
7068281
414880722
16328411
1041554
880921
145429544
145292386
3905067
6154091
94065960
362297841
4694989
2961309
97570740
13034338
101326464
15413275
135386042
13393735
1654105
894670
3584148
142378777
91935088
8079553
124220534
14835140
67041055
104011168
61685631
73367259
2244678
7677886
76438207
38290601
70553168
125288670
397372162
84307301
106095102
4611865
74466621
4709948
66881687
17608731
8081939
78479500
132739700
3658059
17681727
3102239
66027709
115823710
78017002
90619411
105241792
911496
7794032
490905002
3134753
76396251
61064530
914227
97206068
78048161
110959122
619301
5104843
17347976
4209632
613511522
43865241
605957
136580482
70386458
75881044
92598462
420364332
13705276
93542010
61291690
448298502
4253561
88910905
62126191
6658617
459567532
61003291
410024352
2905439
3957957
145167714
15079068
142748748
13179711
3164587
143987374
548348692
122703270
73741841
397112282
17599255
361116541
12984922
619310
7332593
6426473
3825405
3235759
112264768
364915271
130468788
57835591
418453692
79319395
137814239
79543148
13073037
118566832
66770160
76295709
16433498
121926628
36055581
571902532
79196523
89300821
4118804
140896137
72924236
13131048
603946
58775241
3075239
84860189
70833748
449431872
596497
80601154
2457786
78726427
2712475
4519828
76106069
3119126
619949882
983996
73772058
624991
2440659
6297562
71705491
101326476
1344906
90428589
61723664
2221577
17206591
8164641
100889634
103311648
99141964
863160
2950438
17199960
66536668
124550864
420852102
3125361
381335931
73218723
1167445
909565
541847
2554333
103607690
62166934
144385460
3156794
126618649
126911399
7706008
2508513
13789090
125536790
526489072
103306138
15567515
2435238
15455604
144450486
581077
141428023
506372052
13486799
118183958
71178847
141105803
68936299
61424043
103870122
122437600
118165006
392524842
14405233
130855270
13415837
2813984
13214027
76395835
426839232
3582982
88181759
505535732
3154476
78037448
67606710
3109247
63459654
128993090
4773177
141253743
92829000
60222371
4677572
12754294
1277784
106258848
548348732
3101958
69874202
69238315
140197629
89860895
79764924
7261371
17417612
136337000
144572666
98631258
117344836
6105935
130892970
10237163
534777
3921391
88485739
86312577
144538350
61723115
3599788
935735
10178944
352141491
69755315
588057
2412065
16122907
74904931
132044704
71750271
71675345
3355753
91400152
12791218
1179360
61239665
86101339
66445183
17604912
137200802
105426372
129636210
144837934
5404441
91045413
61376646
84624683
99507918
134954102
475164252
94096286
13946301
72924129
106921698
403152472
2514780
983847
11918597
133944334
94220260
39404951
73460560
967040
88028627
6705628
144944854
854553
4253146
370961081
77100054
4762943
75526536
89844261
64681375
10127460
439645132
13158111
9976742
137234110
13040252
907756
68335741
266779
92213550
89961351
66672830
4134359
6079815
137215072
16215869
12565432
365103691
98532634
997766
469254722
75920550
6953244
4013664
60977518
63534315
13975814
105296612
2318548
345114441
76579965
6524059
142225805
92141132
353094641
78492089
61685556
600156
67794221
90780407
10178913
38776761
140339621
67563957
128993404
143606456
69975637
351510251
35748521
61376319
5404585
87005795
984565
72370905
70697285
69552387
13162036
477166342
77843358
64965805
62664205
35760991
911356
134946506
69200844
117311860
443082632
490962162
65436751
14211041
1287248
112300304
85372178
90807745
399299822
13839981
132197508
7179764
411884852
15554229
3155221
96454554
95057478
3130552
513137322
11217020
414795752
409961942
108216318
6295898
17635819
1178331
142337691
510010782
7494957
17439684
68878305
71091143
2839220
45076071
3957964
968798
139424067
384173011
524029352
