355654791
70506864
15139378
144389058
70266757
105707374
100421358
374283241
29381021
64971011
464419652
425012712
123903244
2423901
118190304
133661814
13975779
70403440
129011934
3402413
90213409
1579265
71294452
381810741
355246571
134711946
80274650
124600916
125244224
354918041
472992652
99554668
44231031
91934728
62070477
137726975
137726987
76520669
427608382
124603268
2447443
475990662
3028064
124262680
581751632
17608742
5351361
77369729
72160314
451254022
1015879
103153616
467988082
7561784
5094040
73724284
367550531
106506522
417195062
398055742
532349
548348632
137726977
92198180
104226826
3090875
128948012
79590714
116866554
1109730
71645390
3129408
349722901
7706014
61644199
16607977
99976960
1195496
136864898
143171642
393477332
14882312
109843102
72823271
6461440
402131232
15781392
144572216
69500378
100251364
76520904
457086912
925111
558528302
3119029
355460061
130414902
421630942
79319969
69533953
797434
418497552
15546831
15781397
7453620
7562926
135372064
4733113
483320042
558252682
13140214
542389552
